--Timestamp---	Temp	Chill	HIndex	Humid	Dewpt	 Wind 	HiWind	WindDir	Rain 	Barom	Solar	 ET  	 UV 
20120307 00:00	33.9	33.9	33.9	59	21.1	2	6	180	0.00	30.598	0	0.001	-100000.0
20120307 00:05	34.0	34.0	34.0	60	21.6	2	10	180	0.00	30.598	0	0.000	-100000.0
20120307 00:10	34.1	34.1	34.1	61	22.1	1	6	180	0.00	30.598	0	0.000	-100000.0
20120307 00:15	34.2	34.2	34.2	62	22.6	2	8	180	0.00	30.597	0	0.000	-100000.0
20120307 00:20	34.4	34.4	34.4	63	23.1	2	7	180	0.00	30.597	0	0.000	-100000.0
20120307 00:25	34.4	30.8	34.4	64	23.5	4	9	180	0.00	30.597	0	0.000	-100000.0
20120307 00:30	34.4	30.8	34.4	66	24.2	4	9	180	0.00	30.591	0	0.000	-100000.0
20120307 00:35	34.4	30.8	34.4	66	24.2	4	8	158	0.00	30.591	0	0.000	-100000.0
20120307 00:40	34.4	29.9	34.4	67	24.6	5	12	158	0.00	30.591	0	0.000	-100000.0
20120307 00:45	34.4	34.4	34.4	68	24.9	3	9	180	0.00	30.585	0	0.000	-100000.0
20120307 00:50	34.4	34.4	34.4	69	25.3	3	10	180	0.00	30.585	0	0.000	-100000.0
20120307 00:55	34.4	34.4	34.4	69	25.3	2	7	180	0.00	30.585	0	0.000	-100000.0
20120307 01:00	34.3	34.3	34.3	70	25.5	2	7	180	0.00	30.582	0	0.001	-100000.0
20120307 01:05	34.4	30.8	34.4	70	25.6	4	11	180	0.00	30.582	0	0.000	-100000.0
20120307 01:10	34.4	34.4	34.4	71	26.0	3	10	158	0.00	30.582	0	0.000	-100000.0
20120307 01:15	34.4	34.4	34.4	71	26.0	3	7	180	0.00	30.580	0	0.000	-100000.0
20120307 01:20	34.4	29.9	34.4	72	26.3	5	10	180	0.00	30.580	0	0.000	-100000.0
20120307 01:25	34.3	29.8	34.3	72	26.2	5	10	180	0.00	30.580	0	0.000	-100000.0
20120307 01:30	34.3	34.3	34.3	73	26.6	3	10	180	0.00	30.575	0	0.000	-100000.0
20120307 01:35	34.4	30.8	34.4	73	26.7	4	11	158	0.00	30.575	0	0.000	-100000.0
20120307 01:40	34.4	30.8	34.4	74	27.0	4	10	180	0.00	30.575	0	0.000	-100000.0
20120307 01:45	34.4	30.8	34.4	74	27.0	4	9	180	0.00	30.569	0	0.000	-100000.0
20120307 01:50	34.4	30.8	34.4	74	27.0	4	11	180	0.00	30.569	0	0.000	-100000.0
20120307 01:55	34.4	29.9	34.4	74	27.0	5	12	180	0.00	30.569	0	0.000	-100000.0
20120307 02:00	34.4	30.8	34.4	75	27.3	4	11	158	0.00	30.564	0	0.001	-100000.0
20120307 02:05	34.4	29.9	34.4	75	27.3	5	11	158	0.00	30.564	0	0.000	-100000.0
20120307 02:10	34.4	29.9	34.4	75	27.3	5	12	180	0.00	30.564	0	0.000	-100000.0
20120307 02:15	34.4	29.9	34.4	76	27.6	5	10	180	0.00	30.560	0	0.000	-100000.0
20120307 02:20	34.4	29.9	34.4	76	27.6	5	9	180	0.00	30.560	0	0.000	-100000.0
20120307 02:25	34.4	30.8	34.4	76	27.6	4	10	180	0.00	30.560	0	0.000	-100000.0
20120307 02:30	34.4	30.8	34.4	77	27.9	4	8	158	0.00	30.551	0	0.000	-100000.0
20120307 02:35	34.4	29.9	34.4	76	27.6	5	11	158	0.00	30.551	0	0.000	-100000.0
20120307 02:40	34.4	29.9	34.4	77	27.9	5	10	158	0.00	30.551	0	0.000	-100000.0
20120307 02:45	34.4	30.8	34.4	77	27.9	4	12	158	0.00	30.550	0	0.000	-100000.0
20120307 02:50	34.4	34.4	34.4	77	27.9	3	11	180	0.00	30.550	0	0.000	-100000.0
20120307 02:55	34.4	34.4	34.4	77	27.9	3	7	158	0.00	30.550	0	0.000	-100000.0
20120307 03:00	34.4	30.8	34.4	77	27.9	4	9	158	0.00	30.551	0	0.001	-100000.0
20120307 03:05	34.4	30.8	34.4	77	27.9	4	7	158	0.00	30.551	0	0.000	-100000.0
20120307 03:10	34.4	29.9	34.4	78	28.3	5	9	180	0.00	30.551	0	0.000	-100000.0
20120307 03:15	34.2	29.7	34.2	78	28.1	5	9	180	0.00	30.547	0	0.000	-100000.0
20120307 03:20	34.2	29.7	34.2	78	28.1	5	10	158	0.00	30.547	0	0.000	-100000.0
20120307 03:25	34.3	29.8	34.3	78	28.2	5	11	180	0.00	30.547	0	0.000	-100000.0
20120307 03:30	34.4	29.1	34.4	78	28.3	6	10	158	0.00	30.545	0	0.000	-100000.0
20120307 03:35	34.4	30.8	34.4	78	28.3	4	12	158	0.00	30.545	0	0.000	-100000.0
20120307 03:40	34.4	30.8	34.4	78	28.3	4	10	158	0.00	30.545	0	0.000	-100000.0
20120307 03:45	34.4	34.4	34.4	78	28.3	3	7	158	0.00	30.546	0	0.000	-100000.0
20120307 03:50	34.4	30.8	34.4	78	28.3	4	10	180	0.00	30.546	0	0.000	-100000.0
20120307 03:55	34.5	31.0	34.5	78	28.4	4	9	180	0.00	30.546	0	0.000	-100000.0
20120307 04:00	34.8	31.3	34.8	78	28.7	4	10	180	0.00	30.545	0	0.001	-100000.0
20120307 04:05	34.9	31.4	34.9	77	28.4	4	12	180	0.00	30.545	0	0.000	-100000.0
20120307 04:10	35.1	30.7	35.1	77	28.6	5	12	158	0.00	30.545	0	0.000	-100000.0
20120307 04:15	35.1	30.7	35.1	76	28.3	5	16	158	0.00	30.544	0	0.000	-100000.0
20120307 04:20	35.2	30.8	35.2	76	28.4	5	16	180	0.00	30.544	0	0.000	-100000.0
20120307 04:25	35.2	30.8	35.2	76	28.4	5	12	180	0.00	30.544	0	0.000	-100000.0
20120307 04:30	35.2	35.2	35.2	76	28.4	2	7	180	0.00	30.534	0	0.000	-100000.0
20120307 04:35	35.2	35.2	35.2	75	28.1	3	7	180	0.00	30.534	0	0.000	-100000.0
20120307 04:40	35.2	31.8	35.2	75	28.1	4	11	180	0.00	30.534	0	0.000	-100000.0
20120307 04:45	35.2	35.2	35.2	75	28.1	2	10	158	0.00	30.532	0	0.000	-100000.0
20120307 04:50	35.2	30.8	35.2	75	28.1	5	11	158	0.00	30.532	0	0.000	-100000.0
20120307 04:55	35.2	30.8	35.2	74	27.8	5	12	180	0.00	30.532	0	0.000	-100000.0
20120307 05:00	35.2	30.8	35.2	74	27.8	5	11	158	0.00	30.534	0	0.001	-100000.0
20120307 05:05	35.1	31.7	35.1	74	27.7	4	11	158	0.00	30.534	0	0.000	-100000.0
20120307 05:10	35.2	30.0	35.2	74	27.8	6	13	180	0.00	30.534	0	0.000	-100000.0
20120307 05:15	35.1	31.7	35.1	74	27.7	4	10	158	0.00	30.533	0	0.000	-100000.0
20120307 05:20	35.0	35.0	35.0	74	27.6	3	7	180	0.00	30.533	0	0.000	-100000.0
20120307 05:25	35.1	35.1	35.1	73	27.3	3	9	158	0.00	30.533	0	0.000	-100000.0
20120307 05:30	35.1	35.1	35.1	73	27.3	3	10	180	0.00	30.532	0	0.000	-100000.0
20120307 05:35	35.1	31.7	35.1	72	27.0	4	11	180	0.00	30.532	0	0.000	-100000.0
20120307 05:40	35.1	35.1	35.1	72	27.0	3	9	180	0.00	30.532	0	0.000	-100000.0
20120307 05:45	35.2	31.8	35.2	72	27.1	4	12	180	0.00	30.531	0	0.000	-100000.0
20120307 05:50	35.2	31.8	35.2	71	26.8	4	12	202	0.00	30.531	0	0.000	-100000.0
20120307 05:55	35.2	30.8	35.2	71	26.8	5	14	180	0.00	30.531	0	0.000	-100000.0
20120307 06:00	35.3	31.0	35.3	71	26.9	5	12	158	0.00	30.528	0	0.001	-100000.0
20120307 06:05	35.3	35.3	35.3	71	26.9	3	7	180	0.00	30.528	0	0.000	-100000.0
20120307 06:10	35.2	31.8	35.2	71	26.8	4	10	180	0.00	30.528	0	0.000	-100000.0
20120307 06:15	35.2	30.8	35.2	71	26.8	5	10	158	0.00	30.526	0	0.000	-100000.0
20120307 06:20	35.2	31.8	35.2	71	26.8	4	9	158	0.00	30.526	4	0.000	-100000.0
20120307 06:25	35.2	31.8	35.2	71	26.8	4	11	180	0.00	30.526	8	0.000	-100000.0
20120307 06:30	35.3	31.9	35.3	71	26.9	4	14	158	0.00	30.531	12	0.000	-100000.0
20120307 06:35	35.5	32.1	35.5	70	26.7	4	14	180	0.00	30.531	15	0.000	-100000.0
20120307 06:40	35.6	31.3	35.6	70	26.8	5	12	180	0.00	30.531	18	0.000	-100000.0
20120307 06:45	35.7	32.4	35.7	70	26.9	4	10	180	0.00	30.533	21	0.000	-100000.0
20120307 06:50	35.7	32.4	35.7	70	26.9	4	12	180	0.00	30.533	25	0.000	-100000.0
20120307 06:55	35.7	31.4	35.7	70	26.9	5	13	202	0.00	30.533	30	0.000	-100000.0
20120307 07:00	36.0	31.8	36.0	71	27.5	5	11	158	0.00	30.529	48	0.001	-100000.0
20120307 07:05	36.2	32.0	36.2	70	27.4	5	14	180	0.00	30.529	59	0.000	-100000.0
20120307 07:10	36.3	32.1	36.3	70	27.5	5	13	180	0.00	30.529	71	0.000	-100000.0
20120307 07:15	36.5	33.3	36.5	70	27.7	4	12	158	0.00	30.521	84	0.000	-100000.0
20120307 07:20	36.7	33.5	36.7	70	27.9	4	12	158	0.00	30.521	98	0.000	-100000.0
20120307 07:25	37.0	33.9	37.0	70	28.1	4	11	180	0.00	30.521	113	0.000	-100000.0
20120307 07:30	37.1	33.1	37.1	70	28.2	5	13	202	0.00	30.519	128	0.000	-100000.0
20120307 07:35	37.3	34.2	37.3	69	28.1	4	12	180	0.00	30.519	144	0.000	-100000.0
20120307 07:40	37.4	34.3	37.4	69	28.2	4	9	202	0.00	30.519	162	0.000	-100000.0
20120307 07:45	37.6	34.5	37.6	69	28.4	4	10	202	0.00	30.518	178	0.000	-100000.0
20120307 07:50	37.9	37.9	37.9	69	28.7	1	8	202	0.00	30.518	192	0.000	-100000.0
20120307 07:55	38.2	38.2	38.2	69	28.9	2	9	202	0.00	30.518	206	0.000	-100000.0
20120307 08:00	38.5	38.5	38.5	68	28.9	2	9	158	0.00	30.524	219	0.003	-100000.0
20120307 08:05	38.5	38.5	38.5	68	28.9	3	11	202	0.00	30.524	235	0.000	-100000.0
20120307 08:10	38.6	35.7	38.6	68	29.0	4	13	180	0.00	30.524	249	0.000	-100000.0
20120307 08:15	38.9	38.9	38.9	68	29.3	3	12	180	0.00	30.516	263	0.000	-100000.0
20120307 08:20	39.1	36.3	39.1	67	29.1	4	11	225	0.00	30.516	277	0.000	-100000.0
20120307 08:25	39.3	39.3	39.3	67	29.3	3	11	202	0.00	30.516	290	0.000	-100000.0
20120307 08:30	39.4	35.8	39.4	67	29.4	5	12	202	0.00	30.507	304	0.000	-100000.0
20120307 08:35	39.7	39.7	39.7	67	29.7	3	11	158	0.00	30.507	318	0.000	-100000.0
20120307 08:40	39.9	39.9	39.9	66	29.5	3	12	202	0.00	30.507	331	0.000	-100000.0
20120307 08:45	40.1	40.1	40.1	66	29.7	3	12	202	0.00	30.509	345	0.000	-100000.0
20120307 08:50	40.4	40.4	40.4	65	29.6	3	12	158	0.00	30.509	358	0.000	-100000.0
20120307 08:55	40.7	40.7	40.7	65	29.9	3	9	158	0.00	30.509	371	0.000	-100000.0
20120307 09:00	40.7	38.1	40.7	65	29.9	4	13	202	0.00	30.510	383	0.005	-100000.0
20120307 09:05	41.1	38.6	41.1	64	29.9	4	15	180	0.00	30.510	396	0.000	-100000.0
20120307 09:10	40.9	38.4	40.9	65	30.1	4	12	202	0.00	30.510	407	0.000	-100000.0
20120307 09:15	41.1	38.6	41.1	64	29.9	4	11	180	0.00	30.501	421	0.000	-100000.0
20120307 09:20	41.3	41.3	41.3	65	30.4	2	10	180	0.00	30.501	433	0.000	-100000.0
20120307 09:25	41.8	39.4	41.8	64	30.5	4	15	180	0.00	30.501	446	0.000	-100000.0
20120307 09:30	41.8	39.4	41.8	63	30.1	4	13	202	0.00	30.499	457	0.000	-100000.0
20120307 09:35	41.8	38.6	41.8	63	30.1	5	13	180	0.00	30.499	467	0.000	-100000.0
20120307 09:40	42.1	42.1	42.1	63	30.4	3	12	202	0.00	30.499	478	0.000	-100000.0
20120307 09:45	42.1	38.9	42.1	63	30.4	5	15	225	0.00	30.491	490	0.000	-100000.0
20120307 09:50	42.5	40.2	42.5	63	30.8	4	12	225	0.00	30.491	501	0.000	-100000.0
20120307 09:55	42.7	39.6	42.7	63	31.0	5	13	225	0.00	30.491	512	0.000	-100000.0
20120307 10:00	43.1	40.9	43.1	62	31.0	4	12	202	0.00	30.493	522	0.008	-100000.0
20120307 10:05	43.1	38.9	43.1	62	31.0	7	18	202	0.00	30.493	532	0.000	-100000.0
20120307 10:10	43.4	43.4	43.4	62	31.3	3	11	202	0.00	30.493	540	0.000	-100000.0
20120307 10:15	43.8	41.7	43.8	60	30.8	4	15	225	0.00	30.487	548	0.000	-100000.0
20120307 10:20	44.0	40.5	44.0	61	31.4	6	14	225	0.00	30.487	557	0.000	-100000.0
20120307 10:25	44.1	40.6	44.1	61	31.5	6	14	225	0.00	30.487	565	0.000	-100000.0
20120307 10:30	44.3	40.3	44.3	60	31.3	7	16	202	0.00	30.486	573	0.000	-100000.0
20120307 10:35	44.7	41.4	44.7	60	31.7	6	14	180	0.00	30.486	581	0.000	-100000.0
20120307 10:40	45.1	43.2	45.1	59	31.6	4	14	158	0.00	30.486	590	0.000	-100000.0
20120307 10:45	45.6	43.8	45.6	59	32.1	4	11	202	0.00	30.485	594	0.000	-100000.0
20120307 10:50	45.9	45.9	45.9	58	32.0	2	10	180	0.00	30.485	592	0.000	-100000.0
20120307 10:55	46.4	44.7	46.4	57	32.0	4	12	202	0.00	30.485	606	0.000	-100000.0
20120307 11:00	46.4	43.4	46.4	57	32.0	6	15	180	0.00	30.471	612	0.011	-100000.0
20120307 11:05	46.8	45.2	46.8	57	32.4	4	16	202	0.00	30.471	619	0.000	-100000.0
20120307 11:10	46.9	45.3	46.9	57	32.5	4	15	180	0.00	30.471	622	0.000	-100000.0
20120307 11:15	47.3	45.8	47.3	56	32.4	4	13	202	0.00	30.465	627	0.000	-100000.0
20120307 11:20	47.7	47.7	47.7	56	32.8	3	13	180	0.00	30.465	630	0.000	-100000.0
20120307 11:25	47.9	45.8	47.9	55	32.5	5	14	158	0.00	30.465	635	0.000	-100000.0
20120307 11:30	48.3	46.9	48.3	54	32.4	4	11	202	0.00	30.454	638	0.000	-100000.0
20120307 11:35	48.6	47.3	48.6	54	32.7	4	12	202	0.00	30.454	642	0.000	-100000.0
20120307 11:40	48.7	46.7	48.7	54	32.8	5	12	158	0.00	30.454	644	0.000	-100000.0
20120307 11:45	48.8	45.3	48.8	53	32.4	8	19	180	0.00	30.442	647	0.000	-100000.0
20120307 11:50	49.5	49.5	49.5	53	33.1	2	10	202	0.00	30.442	648	0.000	-100000.0
20120307 11:55	49.7	47.9	49.7	52	32.8	5	15	202	0.00	30.442	652	0.000	-100000.0
20120307 12:00	50.1	50.1	50.1	51	32.7	6	14	202	0.00	30.433	654	0.013	-100000.0
20120307 12:05	50.5	50.5	50.5	51	33.1	5	12	225	0.00	30.433	654	0.000	-100000.0
20120307 12:10	50.8	50.8	50.8	50	32.8	5	14	180	0.00	30.433	656	0.000	-100000.0
20120307 12:15	50.9	50.9	50.9	50	32.9	7	15	202	0.00	30.420	656	0.000	-100000.0
20120307 12:20	51.4	51.4	51.4	50	33.4	4	14	202	0.00	30.420	656	0.000	-100000.0
20120307 12:25	51.9	51.9	51.9	49	33.3	4	13	180	0.00	30.420	655	0.000	-100000.0
20120307 12:30	51.9	51.9	51.9	49	33.3	8	15	180	0.00	30.405	654	0.000	-100000.0
20120307 12:35	51.9	51.9	51.9	48	32.8	7	16	180	0.00	30.405	651	0.000	-100000.0
20120307 12:40	52.3	52.3	52.3	49	33.7	4	13	180	0.00	30.405	649	0.000	-100000.0
20120307 12:45	52.8	52.8	52.8	49	34.2	5	13	180	0.00	30.396	647	0.000	-100000.0
20120307 12:50	53.0	53.0	53.0	48	33.8	5	14	180	0.00	30.396	644	0.000	-100000.0
20120307 12:55	53.4	53.4	53.4	47	33.7	5	13	202	0.00	30.396	642	0.000	-100000.0
20120307 13:00	53.5	53.5	53.5	47	33.8	6	13	202	0.00	30.387	638	0.014	-100000.0
20120307 13:05	53.9	53.9	53.9	47	34.1	4	12	225	0.00	30.387	634	0.000	-100000.0
20120307 13:10	54.2	54.2	54.2	47	34.4	5	13	202	0.00	30.387	630	0.000	-100000.0
20120307 13:15	54.4	54.4	54.4	47	34.6	6	18	202	0.00	30.372	624	0.000	-100000.0
20120307 13:20	54.6	54.6	54.6	46	34.2	6	15	180	0.00	30.372	594	0.000	-100000.0
20120307 13:25	54.6	54.6	54.6	46	34.2	7	18	202	0.00	30.372	606	0.000	-100000.0
20120307 13:30	54.8	54.8	54.8	46	34.4	5	16	202	0.00	30.361	603	0.000	-100000.0
20120307 13:35	55.2	55.2	55.2	45	34.2	6	14	202	0.00	30.361	610	0.000	-100000.0
20120307 13:40	55.4	55.4	55.4	46	35.0	5	15	180	0.00	30.361	523	0.000	-100000.0
20120307 13:45	55.8	55.8	55.8	45	34.8	6	18	180	0.00	30.353	545	0.000	-100000.0
20120307 13:50	55.8	55.8	55.8	44	34.2	6	15	202	0.00	30.353	574	0.000	-100000.0
20120307 13:55	56.4	56.4	56.4	45	35.3	5	17	202	0.00	30.353	586	0.000	-100000.0
20120307 14:00	56.7	56.7	56.7	44	35.0	4	17	202	0.00	30.342	572	0.014	-100000.0
20120307 14:05	57.1	57.1	57.1	43	34.8	7	18	202	0.00	30.342	558	0.000	-100000.0
20120307 14:10	57.2	57.2	57.2	43	34.9	6	17	202	0.00	30.342	548	0.000	-100000.0
20120307 14:15	57.6	57.6	57.6	43	35.3	5	18	202	0.00	30.338	538	0.000	-100000.0
20120307 14:20	58.0	58.0	58.0	42	35.0	5	15	180	0.00	30.338	528	0.000	-100000.0
20120307 14:25	58.2	58.2	58.2	43	35.8	6	16	202	0.00	30.338	517	0.000	-100000.0
20120307 14:30	58.4	58.4	58.4	41	34.8	7	16	202	0.00	30.324	504	0.000	-100000.0
20120307 14:35	58.4	58.4	58.4	41	34.8	7	21	202	0.00	30.324	486	0.000	-100000.0
20120307 14:40	58.9	58.9	58.9	42	35.9	4	16	202	0.00	30.324	481	0.000	-100000.0
20120307 14:45	59.0	59.0	59.0	42	35.9	5	15	158	0.00	30.322	473	0.000	-100000.0
20120307 14:50	59.0	59.0	59.0	41	35.3	7	17	158	0.00	30.322	445	0.000	-100000.0
20120307 14:55	59.0	59.0	59.0	41	35.3	5	17	202	0.00	30.322	409	0.000	-100000.0
20120307 15:00	59.0	59.0	59.0	41	35.3	6	14	202	0.00	30.319	400	0.013	-100000.0
20120307 15:05	59.0	59.0	59.0	42	35.9	6	17	202	0.00	30.319	388	0.000	-100000.0
20120307 15:10	59.5	59.5	59.5	42	36.4	4	14	202	0.00	30.319	408	0.000	-100000.0
20120307 15:15	59.7	59.7	59.7	42	36.6	6	16	158	0.00	30.310	403	0.000	-100000.0
20120307 15:20	59.7	59.7	59.7	42	36.6	5	13	158	0.00	30.310	366	0.000	-100000.0
20120307 15:25	59.8	59.8	59.8	43	37.3	4	17	158	0.00	30.310	358	0.000	-100000.0
20120307 15:30	59.8	59.8	59.8	42	36.7	6	14	202	0.00	30.307	343	0.000	-100000.0
20120307 15:35	59.5	59.5	59.5	43	37.0	6	15	180	0.00	30.307	316	0.000	-100000.0
20120307 15:40	59.0	59.0	59.0	43	36.5	9	20	180	0.00	30.307	309	0.000	-100000.0
20120307 15:45	59.0	59.0	59.0	43	36.5	7	18	158	0.00	30.306	277	0.000	-100000.0
20120307 15:50	59.0	59.0	59.0	43	36.5	4	16	180	0.00	30.306	244	0.000	-100000.0
20120307 15:55	59.0	59.0	59.0	44	37.1	5	13	202	0.00	30.306	242	0.000	-100000.0
20120307 16:00	59.0	59.0	59.0	43	36.5	5	16	180	0.00	30.304	187	0.009	-100000.0
20120307 16:05	59.0	59.0	59.0	43	36.5	6	16	202	0.00	30.304	237	0.000	-100000.0
20120307 16:10	59.0	59.0	59.0	43	36.5	5	15	180	0.00	30.304	223	0.000	-100000.0
20120307 16:15	58.7	58.7	58.7	43	36.3	6	13	180	0.00	30.307	142	0.000	-100000.0
20120307 16:20	58.4	58.4	58.4	44	36.6	4	10	180	0.00	30.307	146	0.000	-100000.0
20120307 16:25	58.3	58.3	58.3	44	36.5	6	13	180	0.00	30.307	217	0.000	-100000.0
20120307 16:30	58.2	58.2	58.2	43	35.8	6	16	180	0.00	30.301	187	0.000	-100000.0
20120307 16:35	58.3	58.3	58.3	44	36.5	4	12	202	0.00	30.301	197	0.000	-100000.0
20120307 16:40	58.2	58.2	58.2	43	35.8	3	14	180	0.00	30.301	149	0.000	-100000.0
20120307 16:45	57.9	57.9	57.9	43	35.5	6	14	202	0.00	30.303	111	0.000	-100000.0
20120307 16:50	57.7	57.7	57.7	43	35.4	4	9	180	0.00	30.303	96	0.000	-100000.0
20120307 16:55	57.6	57.6	57.6	43	35.3	5	14	180	0.00	30.303	104	0.000	-100000.0
20120307 17:00	57.4	57.4	57.4	44	35.7	6	15	180	0.00	30.304	75	0.006	-100000.0
20120307 17:05	57.2	57.2	57.2	44	35.5	5	12	180	0.00	30.304	59	0.000	-100000.0
20120307 17:10	57.0	57.0	57.0	44	35.3	5	12	180	0.00	30.304	54	0.000	-100000.0
20120307 17:15	56.9	56.9	56.9	44	35.2	5	13	180	0.00	30.302	54	0.000	-100000.0
20120307 17:20	56.8	56.8	56.8	44	35.1	5	13	180	0.00	30.302	45	0.000	-100000.0
20120307 17:25	56.7	56.7	56.7	44	35.0	6	14	158	0.00	30.302	34	0.000	-100000.0
20120307 17:30	56.5	56.5	56.5	45	35.4	3	12	202	0.00	30.307	24	0.000	-100000.0
20120307 17:35	56.3	56.3	56.3	45	35.2	5	12	180	0.00	30.307	17	0.000	-100000.0
20120307 17:40	55.9	55.9	55.9	46	35.4	5	12	180	0.00	30.307	12	0.000	-100000.0
20120307 17:45	55.5	55.5	55.5	46	35.1	6	14	180	0.00	30.309	7	0.000	-100000.0
20120307 17:50	55.3	55.3	55.3	47	35.4	7	18	202	0.00	30.309	3	0.000	-100000.0
20120307 17:55	55.0	55.0	55.0	48	35.7	8	17	202	0.00	30.309	0	0.000	-100000.0
20120307 18:00	54.8	54.8	54.8	48	35.5	6	13	202	0.00	30.308	0	0.003	-100000.0
20120307 18:05	54.4	54.4	54.4	49	35.6	7	20	202	0.00	30.308	0	0.000	-100000.0
20120307 18:10	54.2	54.2	54.2	50	36.0	6	17	202	0.00	30.308	0	0.000	-100000.0
20120307 18:15	53.9	53.9	53.9	51	36.2	6	21	202	0.00	30.311	0	0.000	-100000.0
20120307 18:20	53.6	53.6	53.6	52	36.4	6	19	202	0.00	30.311	0	0.000	-100000.0
20120307 18:25	53.4	53.4	53.4	52	36.2	8	19	180	0.00	30.311	0	0.000	-100000.0
20120307 18:30	53.2	53.2	53.2	53	36.5	6	19	180	0.00	30.312	0	0.000	-100000.0
20120307 18:35	52.9	52.9	52.9	54	36.7	6	14	202	0.00	30.312	0	0.000	-100000.0
20120307 18:40	52.7	52.7	52.7	54	36.5	5	13	158	0.00	30.312	0	0.000	-100000.0
20120307 18:45	52.6	52.6	52.6	55	36.9	6	17	202	0.00	30.313	0	0.000	-100000.0
20120307 18:50	52.3	52.3	52.3	55	36.6	5	14	202	0.00	30.313	0	0.000	-100000.0
20120307 18:55	52.2	52.2	52.2	56	37.0	4	15	202	0.00	30.313	0	0.000	-100000.0
20120307 19:00	52.1	52.1	52.1	56	36.9	5	18	202	0.00	30.310	0	0.003	-100000.0
20120307 19:05	52.0	52.0	52.0	57	37.2	4	12	202	0.00	30.310	0	0.000	-100000.0
20120307 19:10	51.9	51.9	51.9	57	37.1	6	15	202	0.00	30.310	0	0.000	-100000.0
20120307 19:15	51.8	51.8	51.8	57	37.1	5	12	180	0.00	30.310	0	0.000	-100000.0
20120307 19:20	51.7	51.7	51.7	58	37.4	5	12	180	0.00	30.310	0	0.000	-100000.0
20120307 19:25	51.7	51.7	51.7	58	37.4	4	15	202	0.00	30.310	0	0.000	-100000.0
20120307 19:30	51.6	51.6	51.6	58	37.3	5	17	180	0.00	30.310	0	0.000	-100000.0
20120307 19:35	51.5	51.5	51.5	58	37.2	4	12	180	0.00	30.310	0	0.000	-100000.0
20120307 19:40	51.4	51.4	51.4	59	37.6	5	15	180	0.00	30.310	0	0.000	-100000.0
20120307 19:45	51.4	51.4	51.4	59	37.6	4	14	180	0.00	30.310	0	0.000	-100000.0
20120307 19:50	51.3	51.3	51.3	59	37.5	7	15	180	0.00	30.310	0	0.000	-100000.0
20120307 19:55	51.2	51.2	51.2	59	37.4	6	14	180	0.00	30.310	0	0.000	-100000.0
20120307 20:00	51.2	51.2	51.2	60	37.8	7	17	180	0.00	30.311	0	0.002	-100000.0
20120307 20:05	51.1	51.1	51.1	60	37.7	5	12	202	0.00	30.311	0	0.000	-100000.0
20120307 20:10	51.0	51.0	51.0	60	37.6	5	11	158	0.00	30.311	0	0.000	-100000.0
20120307 20:15	51.0	51.0	51.0	60	37.6	5	13	202	0.00	30.318	0	0.000	-100000.0
20120307 20:20	50.9	50.9	50.9	61	37.9	6	13	202	0.00	30.318	0	0.000	-100000.0
20120307 20:25	50.8	50.8	50.8	61	37.8	5	13	158	0.00	30.318	0	0.000	-100000.0
20120307 20:30	50.6	50.6	50.6	62	38.1	5	11	180	0.00	30.315	0	0.000	-100000.0
20120307 20:35	50.6	50.6	50.6	62	38.1	5	14	158	0.00	30.315	0	0.000	-100000.0
20120307 20:40	50.5	50.5	50.5	63	38.4	4	10	180	0.00	30.315	0	0.000	-100000.0
20120307 20:45	50.4	50.4	50.4	63	38.3	5	13	158	0.00	30.319	0	0.000	-100000.0
20120307 20:50	50.3	50.3	50.3	63	38.2	5	12	180	0.00	30.319	0	0.000	-100000.0
20120307 20:55	50.2	50.2	50.2	64	38.5	4	12	180	0.00	30.319	0	0.000	-100000.0
20120307 21:00	50.1	50.1	50.1	64	38.4	6	12	202	0.00	30.319	0	0.002	-100000.0
20120307 21:05	50.1	50.1	50.1	65	38.8	5	16	158	0.00	30.319	0	0.000	-100000.0
20120307 21:10	50.0	50.0	50.0	65	38.7	6	14	180	0.00	30.319	0	0.000	-100000.0
20120307 21:15	49.9	47.1	49.9	65	38.6	7	16	180	0.00	30.310	0	0.000	-100000.0
20120307 21:20	49.9	46.6	49.9	65	38.6	8	15	180	0.00	30.310	0	0.000	-100000.0
20120307 21:25	49.7	46.8	49.7	65	38.4	7	17	158	0.00	30.310	0	0.000	-100000.0
20120307 21:30	49.6	46.7	49.6	66	38.7	7	16	180	0.00	30.309	0	0.000	-100000.0
20120307 21:35	49.5	46.6	49.5	66	38.6	7	14	180	0.00	30.309	0	0.000	-100000.0
20120307 21:40	49.4	46.5	49.4	66	38.5	7	14	180	0.00	30.309	0	0.000	-100000.0
20120307 21:45	49.4	47.5	49.4	67	38.9	5	14	180	0.00	30.308	0	0.000	-100000.0
20120307 21:50	49.2	47.3	49.2	67	38.7	5	11	202	0.00	30.308	0	0.000	-100000.0
20120307 21:55	49.2	45.8	49.2	67	38.7	8	16	180	0.00	30.308	0	0.000	-100000.0
20120307 22:00	49.1	46.6	49.1	67	38.6	6	13	180	0.00	30.309	0	0.002	-100000.0
20120307 22:05	49.0	45.5	49.0	67	38.5	8	17	180	0.00	30.309	0	0.000	-100000.0
20120307 22:10	49.0	46.0	49.0	68	38.9	7	15	158	0.00	30.309	0	0.000	-100000.0
20120307 22:15	48.8	45.3	48.8	68	38.7	8	16	180	0.00	30.309	0	0.000	-100000.0
20120307 22:20	48.8	44.9	48.8	68	38.7	9	18	158	0.00	30.309	0	0.000	-100000.0
20120307 22:25	48.7	45.2	48.7	68	38.6	8	16	180	0.00	30.309	0	0.000	-100000.0
20120307 22:30	48.6	46.0	48.6	69	38.9	6	12	158	0.00	30.310	0	0.000	-100000.0
20120307 22:35	48.7	45.6	48.7	68	38.6	7	12	158	0.00	30.310	0	0.000	-100000.0
20120307 22:40	48.7	45.6	48.7	68	38.6	7	14	158	0.00	30.310	0	0.000	-100000.0
20120307 22:45	48.8	45.3	48.8	68	38.7	8	17	158	0.00	30.307	0	0.000	-100000.0
20120307 22:50	48.7	46.1	48.7	68	38.6	6	13	158	0.00	30.307	0	0.000	-100000.0
20120307 22:55	48.7	46.1	48.7	68	38.6	6	12	180	0.00	30.307	0	0.000	-100000.0
20120307 23:00	48.7	46.1	48.7	68	38.6	6	12	158	0.00	30.307	0	0.002	-100000.0
20120307 23:05	48.9	45.4	48.9	68	38.8	8	16	158	0.00	30.307	0	0.000	-100000.0
20120307 23:10	49.0	46.5	49.0	68	38.9	6	16	180	0.00	30.307	0	0.000	-100000.0
20120307 23:15	49.0	47.0	49.0	67	38.5	5	12	158	0.00	30.303	0	0.000	-100000.0
20120307 23:20	49.0	46.0	49.0	68	38.9	7	15	158	0.00	30.303	0	0.000	-100000.0
20120307 23:25	48.9	46.4	48.9	68	38.8	6	16	180	0.00	30.303	0	0.000	-100000.0
20120307 23:30	48.8	46.2	48.8	68	38.7	6	12	135	0.00	30.303	0	0.000	-100000.0
20120307 23:35	48.7	46.7	48.7	69	39.0	5	11	158	0.00	30.303	0	0.000	-100000.0
20120307 23:40	48.6	46.6	48.6	69	38.9	5	12	158	0.00	30.303	0	0.000	-100000.0
20120307 23:45	48.6	47.3	48.6	69	38.9	4	10	158	0.00	30.302	0	0.000	-100000.0
20120307 23:50	48.8	47.5	48.8	68	38.7	4	8	158	0.00	30.302	0	0.000	-100000.0
20120307 23:55	48.9	46.9	48.9	68	38.8	5	18	180	0.00	30.302	0	0.000	-100000.0
