--Timestamp---	Temp	Chill	HIndex	Humid	Dewpt	 Wind 	HiWind	WindDir	Rain 	Barom	Solar	 ET  	 UV 
20120903 00:00	62.3	62.3	62.3	91	59.6	0	1	112	0.00	30.198	0	0.000	-100000.0
20120903 00:05	61.8	61.8	61.8	91	59.1	0	1	112	0.00	30.198	0	0.000	-100000.0
20120903 00:10	61.5	61.5	61.5	91	58.8	0	0	-100000	0.00	30.198	0	0.000	-100000.0
20120903 00:15	61.3	61.3	61.3	91	58.6	0	0	-100000	0.00	30.198	0	0.000	-100000.0
20120903 00:20	61.1	61.1	61.1	92	58.8	0	0	-100000	0.00	30.198	0	0.000	-100000.0
20120903 00:25	60.9	60.9	60.9	92	58.6	0	1	112	0.00	30.198	0	0.000	-100000.0
20120903 00:30	60.9	60.9	60.9	93	58.9	0	2	112	0.00	30.198	0	0.000	-100000.0
20120903 00:35	60.6	60.6	60.6	93	58.6	0	1	112	0.00	30.198	0	0.000	-100000.0
20120903 00:40	60.4	60.4	60.4	93	58.4	0	0	-100000	0.00	30.198	0	0.000	-100000.0
20120903 00:45	60.3	60.3	60.3	93	58.3	1	3	112	0.00	30.199	0	0.000	-100000.0
20120903 00:50	60.6	60.6	60.6	94	58.9	0	2	112	0.00	30.199	0	0.000	-100000.0
20120903 00:55	60.7	60.7	60.7	94	59.0	0	1	112	0.00	30.199	0	0.000	-100000.0
20120903 01:00	60.7	60.7	60.7	94	59.0	0	0	-100000	0.00	30.201	0	0.000	-100000.0
20120903 01:05	60.5	60.5	60.5	93	58.5	0	0	-100000	0.00	30.201	0	0.000	-100000.0
20120903 01:10	60.4	60.4	60.4	94	58.7	0	0	-100000	0.00	30.201	0	0.000	-100000.0
20120903 01:15	60.5	60.5	60.5	94	58.8	0	1	112	0.00	30.200	0	0.000	-100000.0
20120903 01:20	60.4	60.4	60.4	94	58.7	0	0	-100000	0.00	30.200	0	0.000	-100000.0
20120903 01:25	60.2	60.2	60.2	94	58.5	0	1	112	0.00	30.200	0	0.000	-100000.0
20120903 01:30	59.9	59.9	59.9	94	58.2	0	0	-100000	0.00	30.199	0	0.000	-100000.0
20120903 01:35	59.9	59.9	59.9	94	58.2	0	1	112	0.00	30.199	0	0.000	-100000.0
20120903 01:40	59.8	59.8	59.8	94	58.1	0	0	-100000	0.00	30.199	0	0.000	-100000.0
20120903 01:45	59.5	59.5	59.5	94	57.8	0	1	112	0.00	30.200	0	0.000	-100000.0
20120903 01:50	59.7	59.7	59.7	95	58.3	0	1	112	0.00	30.200	0	0.000	-100000.0
20120903 01:55	59.7	59.7	59.7	95	58.3	0	1	112	0.00	30.200	0	0.000	-100000.0
20120903 02:00	59.6	59.6	59.6	95	58.2	0	0	-100000	0.00	30.201	0	0.000	-100000.0
20120903 02:05	59.0	59.0	59.0	94	57.3	0	0	-100000	0.00	30.201	0	0.000	-100000.0
20120903 02:10	59.0	59.0	59.0	94	57.3	0	1	112	0.00	30.201	0	0.000	-100000.0
20120903 02:15	58.7	58.7	58.7	94	57.0	0	0	-100000	0.00	30.204	0	0.000	-100000.0
20120903 02:20	58.8	58.8	58.8	95	57.4	0	0	-100000	0.00	30.204	0	0.000	-100000.0
20120903 02:25	58.6	58.6	58.6	95	57.2	0	0	-100000	0.00	30.204	0	0.000	-100000.0
20120903 02:30	58.4	58.4	58.4	95	57.0	0	0	-100000	0.00	30.213	0	0.000	-100000.0
20120903 02:35	58.5	58.5	58.5	95	57.1	0	1	112	0.00	30.213	0	0.000	-100000.0
20120903 02:40	58.5	58.5	58.5	95	57.1	0	1	112	0.00	30.213	0	0.000	-100000.0
20120903 02:45	58.4	58.4	58.4	95	57.0	0	0	-100000	0.00	30.212	0	0.000	-100000.0
20120903 02:50	58.2	58.2	58.2	95	56.8	0	0	-100000	0.00	30.212	0	0.000	-100000.0
20120903 02:55	58.1	58.1	58.1	95	56.7	0	2	112	0.00	30.212	0	0.000	-100000.0
20120903 03:00	58.2	58.2	58.2	95	56.8	0	2	112	0.00	30.204	0	0.000	-100000.0
20120903 03:05	58.0	58.0	58.0	96	56.9	0	2	112	0.00	30.204	0	0.000	-100000.0
20120903 03:10	58.0	58.0	58.0	96	56.9	0	1	112	0.00	30.204	0	0.000	-100000.0
20120903 03:15	57.7	57.7	57.7	95	56.3	0	0	-100000	0.00	30.201	0	0.000	-100000.0
20120903 03:20	57.6	57.6	57.6	95	56.2	0	0	-100000	0.00	30.201	0	0.000	-100000.0
20120903 03:25	57.4	57.4	57.4	96	56.3	0	1	112	0.00	30.201	0	0.000	-100000.0
20120903 03:30	57.2	57.2	57.2	96	56.1	0	1	112	0.00	30.208	0	0.000	-100000.0
20120903 03:35	57.3	57.3	57.3	96	56.2	0	1	112	0.00	30.208	0	0.000	-100000.0
20120903 03:40	57.4	57.4	57.4	96	56.3	0	1	112	0.00	30.208	0	0.000	-100000.0
20120903 03:45	57.6	57.6	57.6	96	56.5	0	1	112	0.00	30.211	0	0.000	-100000.0
20120903 03:50	57.7	57.7	57.7	96	56.6	0	0	-100000	0.00	30.211	0	0.000	-100000.0
20120903 03:55	57.6	57.6	57.6	96	56.5	0	1	112	0.00	30.211	0	0.000	-100000.0
20120903 04:00	57.7	57.7	57.7	96	56.6	0	1	112	0.00	30.214	0	0.000	-100000.0
20120903 04:05	57.6	57.6	57.6	96	56.5	0	1	112	0.00	30.214	0	0.000	-100000.0
20120903 04:10	57.6	57.6	57.6	96	56.5	0	1	112	0.00	30.214	0	0.000	-100000.0
20120903 04:15	57.6	57.6	57.6	96	56.5	0	0	-100000	0.00	30.219	0	0.000	-100000.0
20120903 04:20	57.7	57.7	57.7	96	56.6	0	1	112	0.00	30.219	0	0.000	-100000.0
20120903 04:25	57.6	57.6	57.6	96	56.5	0	0	-100000	0.00	30.219	0	0.000	-100000.0
20120903 04:30	57.3	57.3	57.3	96	56.2	0	0	-100000	0.00	30.221	0	0.000	-100000.0
20120903 04:35	57.1	57.1	57.1	96	56.0	0	0	-100000	0.00	30.221	0	0.000	-100000.0
20120903 04:40	57.0	57.0	57.0	96	55.9	0	0	-100000	0.00	30.221	0	0.000	-100000.0
20120903 04:45	56.8	56.8	56.8	96	55.7	0	0	-100000	0.00	30.221	0	0.000	-100000.0
20120903 04:50	56.7	56.7	56.7	96	55.6	0	0	-100000	0.00	30.221	0	0.000	-100000.0
20120903 04:55	56.6	56.6	56.6	96	55.5	0	0	-100000	0.00	30.221	0	0.000	-100000.0
20120903 05:00	56.5	56.5	56.5	96	55.4	0	0	-100000	0.00	30.218	0	0.000	-100000.0
20120903 05:05	56.1	56.1	56.1	96	55.0	0	0	-100000	0.00	30.218	0	0.000	-100000.0
20120903 05:10	55.9	55.9	55.9	96	54.8	0	0	-100000	0.00	30.218	0	0.000	-100000.0
20120903 05:15	55.7	55.7	55.7	96	54.6	0	1	112	0.00	30.230	0	0.000	-100000.0
20120903 05:20	55.5	55.5	55.5	96	54.4	0	0	-100000	0.00	30.230	0	0.000	-100000.0
20120903 05:25	55.5	55.5	55.5	96	54.4	0	1	112	0.00	30.230	0	0.000	-100000.0
20120903 05:30	55.5	55.5	55.5	96	54.4	0	0	-100000	0.00	30.220	0	0.000	-100000.0
20120903 05:35	55.7	55.7	55.7	97	54.9	0	0	-100000	0.00	30.220	0	0.000	-100000.0
20120903 05:40	56.2	56.2	56.2	97	55.4	0	0	-100000	0.00	30.220	0	0.000	-100000.0
20120903 05:45	56.3	56.3	56.3	97	55.5	0	0	-100000	0.00	30.224	0	0.000	-100000.0
20120903 05:50	56.3	56.3	56.3	97	55.5	0	0	-100000	0.00	30.224	0	0.000	-100000.0
20120903 05:55	56.1	56.1	56.1	97	55.3	0	0	-100000	0.00	30.224	0	0.000	-100000.0
20120903 06:00	55.9	55.9	55.9	96	54.8	0	0	-100000	0.00	30.229	0	0.000	-100000.0
20120903 06:05	55.7	55.7	55.7	97	54.9	0	0	-100000	0.00	30.229	0	0.000	-100000.0
20120903 06:10	55.5	55.5	55.5	97	54.7	0	0	-100000	0.00	30.229	0	0.000	-100000.0
20120903 06:15	55.3	55.3	55.3	97	54.5	0	0	-100000	0.00	30.233	0	0.000	-100000.0
20120903 06:20	55.3	55.3	55.3	97	54.5	0	0	-100000	0.00	30.233	2	0.000	-100000.0
20120903 06:25	55.2	55.2	55.2	97	54.4	0	0	-100000	0.00	30.233	6	0.000	-100000.0
20120903 06:30	55.1	55.1	55.1	97	54.3	0	0	-100000	0.00	30.233	8	0.000	-100000.0
20120903 06:35	55.2	55.2	55.2	97	54.4	0	1	112	0.00	30.233	11	0.000	-100000.0
20120903 06:40	55.1	55.1	55.1	97	54.3	0	0	-100000	0.00	30.233	14	0.000	-100000.0
20120903 06:45	55.0	55.0	55.0	97	54.2	0	0	-100000	0.00	30.233	17	0.000	-100000.0
20120903 06:50	54.9	54.9	54.9	97	54.1	0	0	-100000	0.00	30.233	27	0.000	-100000.0
20120903 06:55	54.8	54.8	54.8	97	54.0	0	0	-100000	0.00	30.233	40	0.000	-100000.0
20120903 07:00	54.9	54.9	54.9	97	54.1	0	1	112	0.00	30.235	49	0.000	-100000.0
20120903 07:05	55.0	55.0	55.0	97	54.2	0	0	-100000	0.00	30.235	59	0.000	-100000.0
20120903 07:10	55.1	55.1	55.1	97	54.3	0	1	112	0.00	30.235	71	0.000	-100000.0
20120903 07:15	55.5	55.5	55.5	97	54.7	0	1	112	0.00	30.244	85	0.000	-100000.0
20120903 07:20	56.0	56.0	56.0	97	55.2	0	0	-100000	0.00	30.244	99	0.000	-100000.0
20120903 07:25	56.5	56.5	56.5	97	55.7	0	0	-100000	0.00	30.244	116	0.000	-100000.0
20120903 07:30	56.6	56.6	56.6	97	55.8	0	0	-100000	0.00	30.244	130	0.000	-100000.0
20120903 07:35	57.0	57.0	57.0	97	56.2	0	1	112	0.00	30.244	143	0.000	-100000.0
20120903 07:40	57.2	57.2	57.2	97	56.4	0	1	112	0.00	30.244	157	0.000	-100000.0
20120903 07:45	57.3	57.3	57.3	97	56.5	0	1	112	0.00	30.249	172	0.000	-100000.0
20120903 07:50	57.5	57.5	57.5	97	56.7	0	1	112	0.00	30.249	184	0.000	-100000.0
20120903 07:55	57.8	57.8	57.8	97	57.0	0	1	112	0.00	30.249	200	0.000	-100000.0
20120903 08:00	58.1	58.1	58.1	97	57.3	0	1	112	0.00	30.253	220	0.003	-100000.0
20120903 08:05	58.2	58.2	58.2	97	57.4	0	1	112	0.00	30.253	247	0.000	-100000.0
20120903 08:10	59.0	59.0	59.0	97	58.1	0	1	112	0.00	30.253	243	0.000	-100000.0
20120903 08:15	59.0	59.0	59.0	97	58.1	0	1	112	0.00	30.258	281	0.000	-100000.0
20120903 08:20	59.4	59.4	59.4	97	58.5	0	1	112	0.00	30.258	274	0.000	-100000.0
20120903 08:25	59.4	59.4	59.4	96	58.3	0	1	112	0.00	30.258	257	0.000	-100000.0
20120903 08:30	59.3	59.3	59.3	96	58.2	1	4	112	0.00	30.263	187	0.000	-100000.0
20120903 08:35	59.0	59.0	59.0	96	57.9	0	2	112	0.00	30.263	207	0.000	-100000.0
20120903 08:40	59.0	59.0	59.0	96	57.9	2	5	112	0.00	30.263	221	0.000	-100000.0
20120903 08:45	59.0	59.0	59.0	96	57.9	1	5	112	0.00	30.266	161	0.000	-100000.0
20120903 08:50	59.0	59.0	59.0	96	57.9	1	4	112	0.00	30.266	179	0.000	-100000.0
20120903 08:55	59.0	59.0	59.0	96	57.9	1	4	112	0.00	30.266	211	0.000	-100000.0
20120903 09:00	59.4	59.4	59.4	96	58.3	0	3	112	0.00	30.267	190	0.004	-100000.0
20120903 09:05	59.7	59.7	59.7	96	58.6	0	3	112	0.00	30.267	207	0.000	-100000.0
20120903 09:10	60.3	60.3	60.3	96	59.2	0	4	112	0.00	30.267	208	0.000	-100000.0
20120903 09:15	60.6	60.6	60.6	95	59.2	1	5	112	0.00	30.277	208	0.000	-100000.0
20120903 09:20	60.4	60.4	60.4	94	58.7	3	6	270	0.00	30.277	299	0.000	-100000.0
20120903 09:25	61.1	61.1	61.1	94	59.4	1	4	270	0.00	30.277	518	0.000	-100000.0
20120903 09:30	61.9	61.9	61.9	93	59.8	1	4	292	0.00	30.275	474	0.000	-100000.0
20120903 09:35	62.3	62.3	62.3	92	59.9	1	4	0	0.00	30.275	507	0.000	-100000.0
20120903 09:40	62.8	62.8	62.8	91	60.1	1	6	292	0.00	30.275	533	0.000	-100000.0
20120903 09:45	62.9	62.9	62.9	90	59.9	2	6	315	0.00	30.271	499	0.000	-100000.0
20120903 09:50	63.0	63.0	63.0	90	60.0	2	5	315	0.00	30.271	510	0.000	-100000.0
20120903 09:55	63.2	63.2	63.2	89	59.9	1	4	315	0.00	30.271	547	0.000	-100000.0
20120903 10:00	63.7	63.7	63.7	89	60.4	1	4	292	0.00	30.270	511	0.009	-100000.0
20120903 10:05	64.3	64.3	64.3	88	60.7	1	5	292	0.00	30.270	566	0.000	-100000.0
20120903 10:10	64.5	64.5	64.5	87	60.5	1	5	292	0.00	30.270	586	0.000	-100000.0
20120903 10:15	64.7	64.7	64.7	86	60.4	2	5	338	0.00	30.264	601	0.000	-100000.0
20120903 10:20	65.2	65.2	65.2	85	60.6	1	3	338	0.00	30.264	595	0.000	-100000.0
20120903 10:25	65.3	65.3	65.3	85	60.7	1	6	292	0.00	30.264	600	0.000	-100000.0
20120903 10:30	65.2	65.2	65.2	85	60.6	2	7	292	0.00	30.262	476	0.000	-100000.0
20120903 10:35	65.1	65.1	65.1	85	60.5	1	5	292	0.00	30.262	183	0.000	-100000.0
20120903 10:40	65.2	65.2	65.2	85	60.6	1	5	270	0.00	30.262	569	0.000	-100000.0
20120903 10:45	65.7	65.7	65.7	85	61.1	2	4	270	0.00	30.260	636	0.000	-100000.0
20120903 10:50	66.3	66.3	66.3	84	61.3	2	5	270	0.00	30.260	641	0.000	-100000.0
20120903 10:55	66.5	66.5	66.5	83	61.2	3	7	292	0.00	30.260	653	0.000	-100000.0
20120903 11:00	66.7	66.7	66.7	82	61.0	1	4	292	0.00	30.261	655	0.012	-100000.0
20120903 11:05	67.0	67.0	67.0	82	61.3	2	7	338	0.00	30.261	690	0.000	-100000.0
20120903 11:10	67.3	67.3	67.3	82	61.6	2	5	338	0.00	30.261	706	0.000	-100000.0
20120903 11:15	67.1	67.1	67.1	81	61.1	4	11	270	0.00	30.261	690	0.000	-100000.0
20120903 11:20	66.7	66.7	66.7	81	60.7	6	10	270	0.00	30.261	689	0.000	-100000.0
20120903 11:25	66.9	66.9	66.9	82	61.2	2	6	270	0.00	30.261	690	0.000	-100000.0
20120903 11:30	67.5	67.5	67.5	82	61.8	2	6	315	0.00	30.249	694	0.000	-100000.0
20120903 11:35	68.2	68.2	68.2	81	62.1	1	4	315	0.00	30.249	702	0.000	-100000.0
20120903 11:40	68.9	68.9	68.9	79	62.1	1	5	292	0.00	30.249	707	0.000	-100000.0
20120903 11:45	69.2	69.2	69.2	78	62.0	1	5	338	0.00	30.242	713	0.000	-100000.0
20120903 11:50	69.5	69.5	69.5	77	62.0	0	4	338	0.00	30.242	722	0.000	-100000.0
20120903 11:55	69.9	69.9	69.9	77	62.3	0	2	338	0.00	30.242	728	0.000	-100000.0
20120903 12:00	70.3	70.3	70.3	77	62.7	1	4	315	0.00	30.235	733	0.016	-100000.0
20120903 12:05	70.5	70.5	70.5	75	62.2	2	6	270	0.00	30.235	745	0.000	-100000.0
20120903 12:10	71.0	71.0	71.0	75	62.7	2	8	225	0.00	30.235	604	0.000	-100000.0
20120903 12:15	71.5	71.5	71.5	75	63.1	1	2	270	0.00	30.233	751	0.000	-100000.0
20120903 12:20	71.5	71.5	71.5	74	62.8	3	7	270	0.00	30.233	769	0.000	-100000.0
20120903 12:25	70.9	70.9	70.9	75	62.6	5	10	270	0.00	30.233	774	0.000	-100000.0
20120903 12:30	71.0	71.0	71.0	75	62.7	2	5	292	0.00	30.233	757	0.000	-100000.0
20120903 12:35	71.4	71.4	71.4	75	63.0	1	5	292	0.00	30.233	753	0.000	-100000.0
20120903 12:40	72.0	72.0	72.0	73	62.9	2	6	338	0.00	30.233	747	0.000	-100000.0
20120903 12:45	72.5	72.5	72.5	74	63.7	1	5	270	0.00	30.231	752	0.000	-100000.0
20120903 12:50	72.9	72.9	72.9	72	63.3	3	10	270	0.00	30.231	766	0.000	-100000.0
20120903 12:55	72.9	72.9	72.9	72	63.3	3	7	270	0.00	30.231	773	0.000	-100000.0
20120903 13:00	73.0	73.0	73.0	72	63.4	3	7	292	0.00	30.230	763	0.017	-100000.0
20120903 13:05	73.7	73.7	73.7	72	64.1	0	3	0	0.00	30.230	635	0.000	-100000.0
20120903 13:10	74.0	74.0	74.0	71	64.0	2	7	292	0.00	30.230	776	0.000	-100000.0
20120903 13:15	74.6	74.6	74.6	69	63.7	0	3	270	0.00	30.220	777	0.000	-100000.0
20120903 13:20	75.6	75.6	77.3	69	64.7	0	4	270	0.00	30.220	667	0.000	-100000.0
20120903 13:25	75.9	75.9	77.7	66	63.7	4	9	225	0.00	30.220	802	0.000	-100000.0
20120903 13:30	76.1	76.1	78.0	65	63.5	3	11	270	0.00	30.220	800	0.000	-100000.0
20120903 13:35	76.2	76.2	78.1	64	63.1	2	11	270	0.00	30.220	530	0.000	-100000.0
20120903 13:40	76.1	76.1	77.9	66	63.9	3	10	270	0.00	30.220	747	0.000	-100000.0
20120903 13:45	76.3	76.3	78.2	63	62.8	3	7	270	0.00	30.215	747	0.000	-100000.0
20120903 13:50	75.7	75.7	77.6	65	63.1	3	8	270	0.00	30.215	738	0.000	-100000.0
20120903 13:55	76.2	76.2	78.0	65	63.6	1	5	270	0.00	30.215	744	0.000	-100000.0
20120903 14:00	76.1	76.1	78.0	65	63.5	3	9	270	0.00	30.211	738	0.018	-100000.0
20120903 14:05	76.7	76.7	78.5	64	63.6	2	9	270	0.00	30.211	746	0.000	-100000.0
20120903 14:10	77.2	77.2	79.0	62	63.2	4	11	202	0.00	30.211	741	0.000	-100000.0
20120903 14:15	77.1	77.1	78.9	63	63.5	2	6	158	0.00	30.210	782	0.000	-100000.0
20120903 14:20	77.0	77.0	78.8	64	63.9	2	9	270	0.00	30.210	860	0.000	-100000.0
20120903 14:25	77.8	77.8	79.5	62	63.7	1	10	225	0.00	30.210	887	0.000	-100000.0
20120903 14:30	78.5	78.5	80.2	61	63.9	2	7	180	0.00	30.207	506	0.000	-100000.0
20120903 14:35	78.6	78.6	80.3	60	63.5	3	7	135	0.00	30.207	577	0.000	-100000.0
20120903 14:40	78.3	78.3	80.0	61	63.7	1	5	248	0.00	30.207	471	0.000	-100000.0
20120903 14:45	78.7	78.7	80.4	60	63.6	0	7	248	0.00	30.203	520	0.000	-100000.0
20120903 14:50	78.6	78.6	80.2	59	63.1	3	10	202	0.00	30.203	507	0.000	-100000.0
20120903 14:55	78.5	78.5	80.0	58	62.5	2	10	180	0.00	30.203	526	0.000	-100000.0
20120903 15:00	78.7	78.7	80.3	59	63.1	1	5	158	0.00	30.200	392	0.016	-100000.0
20120903 15:05	78.6	78.6	80.2	59	63.1	0	2	158	0.00	30.200	405	0.000	-100000.0
20120903 15:10	78.7	78.7	80.2	58	62.7	1	7	225	0.00	30.200	392	0.000	-100000.0
20120903 15:15	79.1	79.1	80.6	57	62.5	1	4	225	0.00	30.199	393	0.000	-100000.0
20120903 15:20	78.4	78.4	80.0	59	62.9	1	7	225	0.00	30.199	423	0.000	-100000.0
20120903 15:25	79.0	79.0	80.5	58	62.9	1	6	225	0.00	30.199	502	0.000	-100000.0
20120903 15:30	79.3	79.3	80.8	57	62.7	2	9	202	0.00	30.193	493	0.000	-100000.0
20120903 15:35	79.4	79.4	80.9	58	63.3	2	8	225	0.00	30.193	409	0.000	-100000.0
20120903 15:40	79.4	79.4	80.9	57	62.8	2	11	202	0.00	30.193	371	0.000	-100000.0
20120903 15:45	78.9	78.9	80.5	59	63.3	1	5	225	0.00	30.196	288	0.000	-100000.0
20120903 15:50	78.6	78.6	80.1	58	62.6	2	7	270	0.00	30.196	272	0.000	-100000.0
20120903 15:55	78.4	78.4	80.0	58	62.4	3	9	202	0.00	30.196	278	0.000	-100000.0
20120903 16:00	78.4	78.4	80.0	58	62.4	1	7	202	0.00	30.193	285	0.010	-100000.0
20120903 16:05	78.9	78.9	80.5	59	63.3	0	4	180	0.00	30.193	289	0.000	-100000.0
20120903 16:10	79.0	79.0	80.4	56	61.9	2	8	225	0.00	30.193	280	0.000	-100000.0
20120903 16:15	78.7	78.7	80.1	56	61.7	2	9	225	0.00	30.193	241	0.000	-100000.0
20120903 16:20	78.6	78.6	80.0	56	61.6	1	5	225	0.00	30.193	225	0.000	-100000.0
20120903 16:25	78.7	78.7	80.2	57	62.2	0	5	225	0.00	30.193	227	0.000	-100000.0
20120903 16:30	78.7	78.7	80.1	56	61.7	2	6	202	0.00	30.189	209	0.000	-100000.0
20120903 16:35	78.7	78.7	80.1	56	61.7	2	8	180	0.00	30.189	230	0.000	-100000.0
20120903 16:40	78.7	78.7	80.2	58	62.7	2	6	225	0.00	30.189	200	0.000	-100000.0
20120903 16:45	78.1	78.1	79.7	59	62.6	2	8	225	0.00	30.196	182	0.000	-100000.0
20120903 16:50	77.8	77.8	79.5	60	62.8	2	5	225	0.00	30.196	184	0.000	-100000.0
20120903 16:55	77.7	77.7	79.4	59	62.2	1	4	248	0.00	30.196	173	0.000	-100000.0
20120903 17:00	77.7	77.7	79.4	59	62.2	1	6	248	0.00	30.190	188	0.006	-100000.0
20120903 17:05	77.8	77.8	79.5	60	62.8	1	6	225	0.00	30.190	198	0.000	-100000.0
20120903 17:10	77.9	77.9	79.6	61	63.3	1	7	225	0.00	30.190	181	0.000	-100000.0
20120903 17:15	78.1	78.1	79.7	59	62.6	1	4	202	0.00	30.194	188	0.000	-100000.0
20120903 17:20	78.5	78.5	80.0	58	62.5	2	7	225	0.00	30.194	357	0.000	-100000.0
20120903 17:25	79.2	79.2	80.7	58	63.1	0	3	202	0.00	30.194	390	0.000	-100000.0
20120903 17:30	79.7	79.7	81.3	58	63.6	2	7	225	0.00	30.184	346	0.000	-100000.0
20120903 17:35	79.1	79.1	80.6	57	62.5	3	10	248	0.00	30.184	284	0.000	-100000.0
20120903 17:40	78.4	78.4	80.0	58	62.4	3	9	270	0.00	30.184	248	0.000	-100000.0
20120903 17:45	77.9	77.9	79.5	59	62.4	4	10	270	0.00	30.184	196	0.000	-100000.0
20120903 17:50	77.5	77.5	79.2	60	62.5	2	6	248	0.00	30.184	115	0.000	-100000.0
20120903 17:55	77.4	77.4	79.1	60	62.4	2	6	270	0.00	30.184	186	0.000	-100000.0
20120903 18:00	77.2	77.2	79.0	61	62.7	1	5	248	0.00	30.176	137	0.007	-100000.0
20120903 18:05	77.6	77.6	79.3	61	63.1	0	3	248	0.00	30.176	164	0.000	-100000.0
20120903 18:10	78.1	78.1	79.8	60	63.1	0	4	248	0.00	30.176	146	0.000	-100000.0
20120903 18:15	78.4	78.4	80.0	59	62.9	0	2	248	0.00	30.169	134	0.000	-100000.0
20120903 18:20	78.3	78.3	79.9	59	62.8	1	5	225	0.00	30.169	125	0.000	-100000.0
20120903 18:25	77.9	77.9	79.6	60	62.9	1	7	225	0.00	30.169	101	0.000	-100000.0
20120903 18:30	77.8	77.8	79.5	60	62.8	0	3	225	0.00	30.169	76	0.000	-100000.0
20120903 18:35	77.6	77.6	79.3	60	62.6	0	3	225	0.00	30.169	46	0.000	-100000.0
20120903 18:40	77.1	77.1	78.9	61	62.6	1	4	225	0.00	30.169	34	0.000	-100000.0
20120903 18:45	76.7	76.7	78.5	63	63.1	0	1	225	0.00	30.168	33	0.000	-100000.0
20120903 18:50	76.4	76.4	78.3	63	62.9	0	3	225	0.00	30.168	28	0.000	-100000.0
20120903 18:55	76.0	76.0	77.9	64	62.9	0	3	202	0.00	30.168	25	0.000	-100000.0
20120903 19:00	75.7	75.7	77.7	64	62.6	1	6	202	0.00	30.164	19	0.002	-100000.0
20120903 19:05	75.4	75.4	77.4	65	62.8	1	4	180	0.00	30.164	14	0.000	-100000.0
20120903 19:10	75.1	75.1	77.1	66	62.9	2	6	180	0.00	30.164	10	0.000	-100000.0
20120903 19:15	75.0	75.0	77.0	66	62.9	3	5	180	0.00	30.163	6	0.000	-100000.0
20120903 19:20	74.8	74.8	74.8	67	63.1	2	6	180	0.00	30.163	3	0.000	-100000.0
20120903 19:25	74.5	74.5	74.5	67	62.8	2	5	180	0.00	30.163	0	0.000	-100000.0
20120903 19:30	74.3	74.3	74.3	68	63.0	3	7	158	0.00	30.168	0	0.000	-100000.0
20120903 19:35	74.1	74.1	74.1	69	63.3	3	7	180	0.00	30.168	0	0.000	-100000.0
20120903 19:40	73.8	73.8	73.8	69	63.0	3	7	180	0.00	30.168	0	0.000	-100000.0
20120903 19:45	73.6	73.6	73.6	70	63.2	2	7	158	0.00	30.171	0	0.000	-100000.0
20120903 19:50	73.5	73.5	73.5	70	63.1	4	10	158	0.00	30.171	0	0.000	-100000.0
20120903 19:55	73.4	73.4	73.4	71	63.4	3	8	158	0.00	30.171	0	0.000	-100000.0
20120903 20:00	73.3	73.3	73.3	71	63.3	4	7	158	0.00	30.170	0	0.001	-100000.0
20120903 20:05	73.0	73.0	73.0	72	63.4	4	8	158	0.00	30.170	0	0.000	-100000.0
20120903 20:10	72.9	72.9	72.9	72	63.3	4	10	158	0.00	30.170	0	0.000	-100000.0
20120903 20:15	72.8	72.8	72.8	73	63.6	3	7	158	0.00	30.171	0	0.000	-100000.0
20120903 20:20	72.6	72.6	72.6	73	63.4	3	7	158	0.00	30.171	0	0.000	-100000.0
20120903 20:25	72.2	72.2	72.2	74	63.4	4	9	158	0.00	30.171	0	0.000	-100000.0
20120903 20:30	72.0	72.0	72.0	75	63.6	3	7	158	0.00	30.183	0	0.000	-100000.0
20120903 20:35	71.9	71.9	71.9	75	63.5	4	10	180	0.00	30.183	0	0.000	-100000.0
20120903 20:40	71.7	71.7	71.7	75	63.3	5	10	180	0.00	30.183	0	0.000	-100000.0
20120903 20:45	71.7	71.7	71.7	75	63.3	4	7	158	0.00	30.186	0	0.000	-100000.0
20120903 20:50	71.7	71.7	71.7	75	63.3	4	11	158	0.00	30.186	0	0.000	-100000.0
20120903 20:55	71.6	71.6	71.6	75	63.2	5	10	158	0.00	30.186	0	0.000	-100000.0
20120903 21:00	71.5	71.5	71.5	75	63.1	5	9	158	0.00	30.186	0	0.002	-100000.0
20120903 21:05	71.3	71.3	71.3	75	63.0	4	9	180	0.00	30.186	0	0.000	-100000.0
20120903 21:10	71.3	71.3	71.3	75	63.0	4	10	158	0.00	30.186	0	0.000	-100000.0
20120903 21:15	71.3	71.3	71.3	75	63.0	4	9	158	0.00	30.185	0	0.000	-100000.0
20120903 21:20	71.1	71.1	71.1	75	62.8	4	8	158	0.00	30.185	0	0.000	-100000.0
20120903 21:25	71.0	71.0	71.0	75	62.7	4	9	158	0.00	30.185	0	0.000	-100000.0
20120903 21:30	70.9	70.9	70.9	75	62.6	3	10	180	0.00	30.186	0	0.000	-100000.0
20120903 21:35	70.8	70.8	70.8	74	62.1	2	7	180	0.00	30.186	0	0.000	-100000.0
20120903 21:40	70.8	70.8	70.8	74	62.1	3	7	180	0.00	30.186	0	0.000	-100000.0
20120903 21:45	70.7	70.7	70.7	73	61.6	4	10	180	0.00	30.187	0	0.000	-100000.0
20120903 21:50	70.7	70.7	70.7	73	61.6	4	11	158	0.00	30.187	0	0.000	-100000.0
20120903 21:55	70.6	70.6	70.6	73	61.5	4	10	158	0.00	30.187	0	0.000	-100000.0
20120903 22:00	70.5	70.5	70.5	73	61.4	4	10	158	0.00	30.184	0	0.002	-100000.0
20120903 22:05	70.4	70.4	70.4	73	61.3	4	10	158	0.00	30.184	0	0.000	-100000.0
20120903 22:10	70.3	70.3	70.3	73	61.2	3	11	180	0.00	30.184	0	0.000	-100000.0
20120903 22:15	70.2	70.2	70.2	73	61.1	3	8	158	0.00	30.186	0	0.000	-100000.0
20120903 22:20	70.1	70.1	70.1	73	61.0	3	10	158	0.00	30.186	0	0.000	-100000.0
20120903 22:25	70.0	70.0	70.0	73	60.9	3	10	158	0.00	30.186	0	0.000	-100000.0
20120903 22:30	69.9	69.9	69.9	73	60.8	3	7	158	0.00	30.196	0	0.000	-100000.0
20120903 22:35	69.8	69.8	69.8	73	60.7	2	5	158	0.00	30.196	0	0.000	-100000.0
20120903 22:40	69.7	69.7	69.7	73	60.6	4	10	158	0.00	30.196	0	0.000	-100000.0
20120903 22:45	69.8	69.8	69.8	74	61.1	2	6	158	0.00	30.198	0	0.000	-100000.0
20120903 22:50	69.7	69.7	69.7	74	61.0	2	5	158	0.00	30.198	0	0.000	-100000.0
20120903 22:55	69.7	69.7	69.7	74	61.0	3	7	180	0.00	30.198	0	0.000	-100000.0
20120903 23:00	69.6	69.6	69.6	74	60.9	3	8	158	0.00	30.199	0	0.002	-100000.0
20120903 23:05	69.5	69.5	69.5	74	60.8	3	9	158	0.00	30.199	0	0.000	-100000.0
20120903 23:10	69.4	69.4	69.4	74	60.7	3	7	158	0.00	30.199	0	0.000	-100000.0
20120903 23:15	69.3	69.3	69.3	74	60.6	4	9	158	0.00	30.199	0	0.000	-100000.0
20120903 23:20	69.2	69.2	69.2	74	60.5	3	6	180	0.00	30.199	0	0.000	-100000.0
20120903 23:25	69.2	69.2	69.2	74	60.5	3	10	158	0.00	30.199	0	0.000	-100000.0
20120903 23:30	69.1	69.1	69.1	74	60.5	3	9	158	0.00	30.195	0	0.000	-100000.0
20120903 23:35	69.0	69.0	69.0	75	60.7	4	9	158	0.00	30.195	0	0.000	-100000.0
20120903 23:40	68.9	68.9	68.9	74	60.3	3	11	158	0.00	30.195	0	0.000	-100000.0
20120903 23:45	68.8	68.8	68.8	74	60.2	5	11	158	0.00	30.190	0	0.000	-100000.0
20120903 23:50	68.7	68.7	68.7	75	60.4	4	7	180	0.00	30.190	0	0.000	-100000.0
20120903 23:55	68.6	68.6	68.6	74	60.0	4	10	158	0.00	30.190	0	0.000	-100000.0
