--Timestamp---	Temp	Chill	HIndex	Humid	Dewpt	 Wind 	HiWind	WindDir	Rain 	Barom	Solar	 ET  	 UV 
20121105 00:00	40.9	37.5	40.9	65	30.1	5	13	0	0.00	29.991	0	0.001	-100000.0
20121105 00:05	40.7	36.0	40.7	64	29.5	7	16	22	0.00	29.991	0	0.000	-100000.0
20121105 00:10	40.6	37.2	40.6	65	29.8	5	13	0	0.00	29.991	0	0.000	-100000.0
20121105 00:15	40.5	37.9	40.5	64	29.3	4	10	0	0.00	29.996	0	0.000	-100000.0
20121105 00:20	40.4	35.6	40.4	64	29.2	7	16	45	0.00	29.996	0	0.000	-100000.0
20121105 00:25	40.2	37.5	40.2	64	29.0	4	11	22	0.00	29.996	0	0.000	-100000.0
20121105 00:30	40.1	37.4	40.1	64	28.9	4	13	0	0.00	29.999	0	0.000	-100000.0
20121105 00:35	40.0	36.5	40.0	64	28.8	5	12	22	0.00	29.999	0	0.000	-100000.0
20121105 00:40	39.8	35.5	39.8	64	28.6	6	14	22	0.00	29.999	0	0.000	-100000.0
20121105 00:45	39.7	37.0	39.7	64	28.5	4	15	22	0.00	30.000	0	0.000	-100000.0
20121105 00:50	39.7	39.7	39.7	64	28.5	3	11	0	0.00	30.000	0	0.000	-100000.0
20121105 00:55	39.6	39.6	39.6	64	28.4	2	6	22	0.00	30.000	0	0.000	-100000.0
20121105 01:00	39.5	35.9	39.5	64	28.3	5	12	22	0.00	30.003	0	0.001	-100000.0
20121105 01:05	39.4	39.4	39.4	64	28.3	3	11	0	0.00	30.003	0	0.000	-100000.0
20121105 01:10	39.3	39.3	39.3	64	28.2	3	7	45	0.00	30.003	0	0.000	-100000.0
20121105 01:15	39.3	39.3	39.3	64	28.2	2	5	45	0.00	30.008	0	0.000	-100000.0
20121105 01:20	39.2	36.4	39.2	64	28.1	4	11	22	0.00	30.008	0	0.000	-100000.0
20121105 01:25	39.1	39.1	39.1	64	28.0	3	9	22	0.00	30.008	0	0.000	-100000.0
20121105 01:30	38.9	36.0	38.9	64	27.8	4	11	22	0.00	30.007	0	0.000	-100000.0
20121105 01:35	38.9	38.9	38.9	64	27.8	3	9	0	0.00	30.007	0	0.000	-100000.0
20121105 01:40	38.8	38.8	38.8	64	27.7	2	6	45	0.00	30.007	0	0.000	-100000.0
20121105 01:45	38.8	38.8	38.8	64	27.7	1	5	45	0.00	30.015	0	0.000	-100000.0
20121105 01:50	38.7	38.7	38.7	64	27.6	2	7	45	0.00	30.015	0	0.000	-100000.0
20121105 01:55	38.7	38.7	38.7	64	27.6	0	3	45	0.00	30.015	0	0.000	-100000.0
20121105 02:00	38.7	38.7	38.7	64	27.6	2	6	22	0.00	30.016	0	0.001	-100000.0
20121105 02:05	38.6	38.6	38.6	64	27.5	1	5	22	0.00	30.016	0	0.000	-100000.0
20121105 02:10	38.6	38.6	38.6	63	27.1	3	11	22	0.00	30.016	0	0.000	-100000.0
20121105 02:15	38.5	35.6	38.5	63	27.0	4	9	22	0.00	30.018	0	0.000	-100000.0
20121105 02:20	38.4	38.4	38.4	63	26.9	2	7	0	0.00	30.018	0	0.000	-100000.0
20121105 02:25	38.4	38.4	38.4	64	27.3	2	8	22	0.00	30.018	0	0.000	-100000.0
20121105 02:30	38.3	38.3	38.3	64	27.2	1	5	22	0.00	30.017	0	0.000	-100000.0
20121105 02:35	38.3	38.3	38.3	63	26.8	2	5	0	0.00	30.017	0	0.000	-100000.0
20121105 02:40	38.3	38.3	38.3	63	26.8	3	8	0	0.00	30.017	0	0.000	-100000.0
20121105 02:45	38.2	38.2	38.2	63	26.7	3	7	0	0.00	30.017	0	0.000	-100000.0
20121105 02:50	38.2	38.2	38.2	63	26.7	1	7	0	0.00	30.017	0	0.000	-100000.0
20121105 02:55	38.1	38.1	38.1	63	26.6	2	7	338	0.00	30.017	0	0.000	-100000.0
20121105 03:00	38.1	38.1	38.1	63	26.6	1	5	22	0.00	30.021	0	0.001	-100000.0
20121105 03:05	38.0	38.0	38.0	63	26.5	2	7	0	0.00	30.021	0	0.000	-100000.0
20121105 03:10	38.0	38.0	38.0	63	26.5	3	7	0	0.00	30.021	0	0.000	-100000.0
20121105 03:15	38.0	38.0	38.0	63	26.5	1	4	0	0.00	30.021	0	0.000	-100000.0
20121105 03:20	37.9	37.9	37.9	63	26.4	0	4	0	0.00	30.021	0	0.000	-100000.0
20121105 03:25	37.9	37.9	37.9	62	26.1	3	8	22	0.00	30.021	0	0.000	-100000.0
20121105 03:30	37.9	37.9	37.9	63	26.4	1	5	22	0.00	30.018	0	0.000	-100000.0
20121105 03:35	37.8	37.8	37.8	63	26.4	1	6	22	0.00	30.018	0	0.000	-100000.0
20121105 03:40	37.8	37.8	37.8	64	26.7	1	5	22	0.00	30.018	0	0.000	-100000.0
20121105 03:45	37.7	37.7	37.7	64	26.6	1	4	22	0.00	30.016	0	0.000	-100000.0
20121105 03:50	37.7	37.7	37.7	63	26.3	1	5	22	0.00	30.016	0	0.000	-100000.0
20121105 03:55	37.6	37.6	37.6	63	26.2	1	5	45	0.00	30.016	0	0.000	-100000.0
20121105 04:00	37.5	37.5	37.5	63	26.1	2	6	0	0.00	30.014	0	0.001	-100000.0
20121105 04:05	37.5	37.5	37.5	63	26.1	2	5	22	0.00	30.014	0	0.000	-100000.0
20121105 04:10	37.5	37.5	37.5	62	25.7	2	6	22	0.00	30.014	0	0.000	-100000.0
20121105 04:15	37.5	37.5	37.5	62	25.7	1	9	22	0.00	30.016	0	0.000	-100000.0
20121105 04:20	37.4	37.4	37.4	62	25.6	3	10	338	0.00	30.016	0	0.000	-100000.0
20121105 04:25	37.4	37.4	37.4	61	25.2	3	7	22	0.00	30.016	0	0.000	-100000.0
20121105 04:30	37.4	37.4	37.4	61	25.2	3	7	22	0.00	30.017	0	0.000	-100000.0
20121105 04:35	37.4	37.4	37.4	62	25.6	2	6	22	0.00	30.017	0	0.000	-100000.0
20121105 04:40	37.4	37.4	37.4	62	25.6	1	3	22	0.00	30.017	0	0.000	-100000.0
20121105 04:45	37.3	37.3	37.3	62	25.5	1	5	22	0.00	30.017	0	0.000	-100000.0
20121105 04:50	37.3	37.3	37.3	62	25.5	2	5	22	0.00	30.017	0	0.000	-100000.0
20121105 04:55	37.4	37.4	37.4	62	25.6	3	8	22	0.00	30.017	0	0.000	-100000.0
20121105 05:00	37.3	37.3	37.3	62	25.5	2	7	22	0.00	30.017	0	0.001	-100000.0
20121105 05:05	37.3	37.3	37.3	62	25.5	1	6	0	0.00	30.017	0	0.000	-100000.0
20121105 05:10	37.3	37.3	37.3	62	25.5	1	4	338	0.00	30.017	0	0.000	-100000.0
20121105 05:15	37.3	37.3	37.3	63	25.9	0	2	338	0.00	30.006	0	0.000	-100000.0
20121105 05:20	37.2	37.2	37.2	62	25.4	2	6	338	0.00	30.006	0	0.000	-100000.0
20121105 05:25	37.2	37.2	37.2	62	25.4	3	7	22	0.00	30.006	0	0.000	-100000.0
20121105 05:30	37.2	37.2	37.2	62	25.4	1	5	45	0.00	30.015	0	0.000	-100000.0
20121105 05:35	37.2	37.2	37.2	62	25.4	3	6	22	0.00	30.015	0	0.000	-100000.0
20121105 05:40	37.2	37.2	37.2	62	25.4	1	4	22	0.00	30.015	0	0.000	-100000.0
20121105 05:45	37.1	37.1	37.1	62	25.3	1	6	22	0.00	30.017	0	0.000	-100000.0
20121105 05:50	37.1	37.1	37.1	62	25.3	2	4	22	0.00	30.017	0	0.000	-100000.0
20121105 05:55	37.1	37.1	37.1	61	24.9	3	9	22	0.00	30.017	0	0.000	-100000.0
20121105 06:00	37.0	37.0	37.0	62	25.2	2	7	22	0.00	30.016	0	0.001	-100000.0
20121105 06:05	37.0	37.0	37.0	61	24.8	3	7	22	0.00	30.016	0	0.000	-100000.0
20121105 06:10	37.0	37.0	37.0	62	25.2	2	9	22	0.00	30.016	0	0.000	-100000.0
20121105 06:15	36.9	36.9	36.9	62	25.1	1	6	22	0.00	30.017	0	0.000	-100000.0
20121105 06:20	36.9	36.9	36.9	62	25.1	2	6	22	0.00	30.017	0	0.000	-100000.0
20121105 06:25	36.9	36.9	36.9	62	25.1	1	5	22	0.00	30.017	0	0.000	-100000.0
20121105 06:30	36.9	36.9	36.9	62	25.1	1	5	22	0.00	30.025	0	0.000	-100000.0
20121105 06:35	36.8	36.8	36.8	61	24.6	2	5	22	0.00	30.025	0	0.000	-100000.0
20121105 06:40	36.9	36.9	36.9	61	24.7	2	8	22	0.00	30.025	3	0.000	-100000.0
20121105 06:45	36.9	36.9	36.9	61	24.7	2	5	22	0.00	30.034	8	0.000	-100000.0
20121105 06:50	36.9	36.9	36.9	61	24.7	1	5	22	0.00	30.034	11	0.000	-100000.0
20121105 06:55	36.9	36.9	36.9	61	24.7	3	7	22	0.00	30.034	16	0.000	-100000.0
20121105 07:00	36.8	36.8	36.8	61	24.6	3	9	22	0.00	30.034	21	0.001	-100000.0
20121105 07:05	36.8	33.6	36.8	60	24.2	4	10	22	0.00	30.034	25	0.000	-100000.0
20121105 07:10	36.8	36.8	36.8	60	24.2	3	10	45	0.00	30.034	30	0.000	-100000.0
20121105 07:15	36.9	33.7	36.9	60	24.3	4	10	45	0.00	30.041	39	0.000	-100000.0
20121105 07:20	36.9	33.7	36.9	60	24.3	4	10	22	0.00	30.041	47	0.000	-100000.0
20121105 07:25	36.9	36.9	36.9	60	24.3	2	10	22	0.00	30.041	53	0.000	-100000.0
20121105 07:30	37.0	31.5	37.0	59	24.0	7	15	0	0.00	30.049	59	0.000	-100000.0
20121105 07:35	37.1	37.1	37.1	58	23.7	3	10	0	0.00	30.049	56	0.000	-100000.0
20121105 07:40	37.1	34.0	37.1	58	23.7	4	10	0	0.00	30.049	62	0.000	-100000.0
20121105 07:45	37.1	34.0	37.1	58	23.7	4	9	45	0.00	30.051	73	0.000	-100000.0
20121105 07:50	37.2	37.2	37.2	58	23.8	3	6	22	0.00	30.051	82	0.000	-100000.0
20121105 07:55	37.3	37.3	37.3	58	23.9	3	10	0	0.00	30.051	92	0.000	-100000.0
20121105 08:00	37.3	34.2	37.3	58	23.9	4	16	22	0.00	30.054	97	0.002	-100000.0
20121105 08:05	37.3	32.5	37.3	57	23.5	6	10	45	0.00	30.054	104	0.000	-100000.0
20121105 08:10	37.5	33.5	37.5	57	23.7	5	12	0	0.00	30.054	109	0.000	-100000.0
20121105 08:15	37.4	32.0	37.4	57	23.6	7	15	45	0.00	30.060	115	0.000	-100000.0
20121105 08:20	37.5	33.5	37.5	58	24.1	5	14	22	0.00	30.060	118	0.000	-100000.0
20121105 08:25	37.5	33.5	37.5	57	23.7	5	12	45	0.00	30.060	138	0.000	-100000.0
20121105 08:30	37.7	34.7	37.7	57	23.9	4	12	45	0.00	30.063	138	0.000	-100000.0
20121105 08:35	37.8	33.9	37.8	57	24.0	5	12	45	0.00	30.063	134	0.000	-100000.0
20121105 08:40	37.8	34.8	37.8	57	24.0	4	11	0	0.00	30.063	138	0.000	-100000.0
20121105 08:45	37.8	33.9	37.8	57	24.0	5	12	0	0.00	30.062	136	0.000	-100000.0
20121105 08:50	37.7	31.8	37.7	57	23.9	8	14	0	0.00	30.062	142	0.000	-100000.0
20121105 08:55	37.7	32.4	37.7	57	23.9	7	18	22	0.00	30.062	144	0.000	-100000.0
20121105 09:00	37.9	33.3	37.9	58	24.5	6	15	22	0.00	30.064	142	0.003	-100000.0
20121105 09:05	37.9	34.0	37.9	57	24.0	5	13	22	0.00	30.064	148	0.000	-100000.0
20121105 09:10	37.8	33.1	37.8	57	24.0	6	12	22	0.00	30.064	148	0.000	-100000.0
20121105 09:15	37.9	34.0	37.9	57	24.0	5	10	22	0.00	30.064	146	0.000	-100000.0
20121105 09:20	37.9	33.3	37.9	58	24.5	6	13	22	0.00	30.064	153	0.000	-100000.0
20121105 09:25	37.9	33.3	37.9	57	24.0	6	14	22	0.00	30.064	179	0.000	-100000.0
20121105 09:30	38.1	35.1	38.1	57	24.2	4	12	338	0.00	30.065	218	0.000	-100000.0
20121105 09:35	38.3	34.5	38.3	57	24.4	5	14	22	0.00	30.065	198	0.000	-100000.0
20121105 09:40	38.3	33.7	38.3	56	24.0	6	12	22	0.00	30.065	186	0.000	-100000.0
20121105 09:45	38.3	34.5	38.3	56	24.0	5	12	0	0.00	30.066	195	0.000	-100000.0
20121105 09:50	38.4	34.6	38.4	56	24.1	5	13	0	0.00	30.066	182	0.000	-100000.0
20121105 09:55	38.3	33.7	38.3	55	23.6	6	13	0	0.00	30.066	201	0.000	-100000.0
20121105 10:00	38.3	34.5	38.3	56	24.0	5	10	338	0.00	30.068	226	0.004	-100000.0
20121105 10:05	38.4	33.9	38.4	55	23.7	6	11	0	0.00	30.068	251	0.000	-100000.0
20121105 10:10	38.6	34.1	38.6	55	23.8	6	13	0	0.00	30.068	242	0.000	-100000.0
20121105 10:15	38.6	35.7	38.6	55	23.8	4	11	338	0.00	30.078	212	0.000	-100000.0
20121105 10:20	38.7	38.7	38.7	55	23.9	3	9	22	0.00	30.078	184	0.000	-100000.0
20121105 10:25	38.8	34.3	38.8	55	24.0	6	13	315	0.00	30.078	188	0.000	-100000.0
20121105 10:30	38.6	32.9	38.6	55	23.8	8	15	0	0.00	30.076	198	0.000	-100000.0
20121105 10:35	38.6	33.5	38.6	55	23.8	7	14	338	0.00	30.076	218	0.000	-100000.0
20121105 10:40	38.8	35.9	38.8	55	24.0	4	13	315	0.00	30.076	236	0.000	-100000.0
20121105 10:45	38.8	34.3	38.8	55	24.0	6	13	338	0.00	30.071	250	0.000	-100000.0
20121105 10:50	38.9	36.0	38.9	54	23.7	4	9	22	0.00	30.071	290	0.000	-100000.0
20121105 10:55	39.2	35.5	39.2	53	23.5	5	12	22	0.00	30.071	274	0.000	-100000.0
20121105 11:00	39.2	36.4	39.2	54	24.0	4	10	338	0.00	30.065	237	0.005	-100000.0
20121105 11:05	39.3	36.5	39.3	54	24.1	4	11	45	0.00	30.065	245	0.000	-100000.0
20121105 11:10	39.4	35.8	39.4	53	23.7	5	11	0	0.00	30.065	263	0.000	-100000.0
20121105 11:15	39.5	36.7	39.5	54	24.2	4	11	270	0.00	30.064	262	0.000	-100000.0
20121105 11:20	39.5	36.7	39.5	54	24.2	4	9	0	0.00	30.064	274	0.000	-100000.0
20121105 11:25	39.8	39.8	39.8	55	25.0	3	8	292	0.00	30.064	305	0.000	-100000.0
20121105 11:30	40.3	40.3	40.3	54	25.0	3	6	292	0.00	30.063	334	0.000	-100000.0
20121105 11:35	40.5	37.9	40.5	52	24.3	4	12	45	0.00	30.063	365	0.000	-100000.0
20121105 11:40	40.2	36.7	40.2	52	24.0	5	13	315	0.00	30.063	416	0.000	-100000.0
20121105 11:45	40.1	40.1	40.1	53	24.4	3	7	338	0.00	30.058	339	0.000	-100000.0
20121105 11:50	40.0	37.3	40.0	53	24.3	4	11	0	0.00	30.058	302	0.000	-100000.0
20121105 11:55	40.2	37.5	40.2	52	24.0	4	10	0	0.00	30.058	290	0.000	-100000.0
20121105 12:00	40.2	40.2	40.2	52	24.0	3	9	22	0.00	30.050	331	0.006	-100000.0
20121105 12:05	40.4	40.4	40.4	51	23.7	3	11	45	0.00	30.050	324	0.000	-100000.0
20121105 12:10	40.3	40.3	40.3	52	24.1	3	7	22	0.00	30.050	390	0.000	-100000.0
20121105 12:15	40.4	36.9	40.4	52	24.2	5	11	270	0.00	30.048	273	0.000	-100000.0
20121105 12:20	40.6	40.6	40.6	52	24.4	2	6	248	0.00	30.048	217	0.000	-100000.0
20121105 12:25	40.7	40.7	40.7	51	24.0	3	9	315	0.00	30.048	187	0.000	-100000.0
20121105 12:30	40.5	37.9	40.5	52	24.3	4	10	338	0.00	30.036	182	0.000	-100000.0
20121105 12:35	40.8	40.8	40.8	52	24.6	2	5	292	0.00	30.036	215	0.000	-100000.0
20121105 12:40	41.1	41.1	41.1	51	24.4	2	5	0	0.00	30.036	277	0.000	-100000.0
20121105 12:45	40.9	37.5	40.9	51	24.2	5	13	315	0.00	30.036	230	0.000	-100000.0
20121105 12:50	40.9	37.5	40.9	51	24.2	5	12	292	0.00	30.036	172	0.000	-100000.0
20121105 12:55	40.8	40.8	40.8	51	24.1	3	10	0	0.00	30.036	168	0.000	-100000.0
20121105 13:00	40.8	38.2	40.8	51	24.1	4	9	22	0.00	30.041	209	0.005	-100000.0
20121105 13:05	40.8	40.8	40.8	52	24.6	3	7	22	0.00	30.041	229	0.000	-100000.0
20121105 13:10	41.1	41.1	41.1	52	24.8	3	7	0	0.00	30.041	195	0.000	-100000.0
20121105 13:15	41.1	41.1	41.1	52	24.8	3	7	0	0.00	30.037	191	0.000	-100000.0
20121105 13:20	41.5	41.5	41.5	51	24.7	2	6	338	0.00	30.037	251	0.000	-100000.0
20121105 13:25	41.8	41.8	41.8	51	25.0	3	11	0	0.00	30.037	256	0.000	-100000.0
20121105 13:30	41.4	36.8	41.4	51	24.6	7	15	338	0.00	30.035	193	0.000	-100000.0
20121105 13:35	41.1	38.6	41.1	52	24.8	4	9	338	0.00	30.035	167	0.000	-100000.0
20121105 13:40	41.3	38.8	41.3	52	25.0	4	11	338	0.00	30.035	170	0.000	-100000.0
20121105 13:45	41.1	37.1	41.1	54	25.7	6	12	270	0.00	30.033	188	0.000	-100000.0
20121105 13:50	40.9	35.7	40.9	55	26.0	8	13	0	0.00	30.033	226	0.000	-100000.0
20121105 13:55	40.7	36.0	40.7	55	25.8	7	18	0	0.00	30.033	188	0.000	-100000.0
20121105 14:00	40.7	35.4	40.7	55	25.8	8	15	338	0.00	30.036	219	0.005	-100000.0
20121105 14:05	40.6	35.3	40.6	55	25.7	8	14	315	0.00	30.036	241	0.000	-100000.0
20121105 14:10	40.6	35.9	40.6	54	25.3	7	17	315	0.00	30.036	248	0.000	-100000.0
20121105 14:15	40.8	36.7	40.8	53	25.0	6	13	0	0.00	30.044	213	0.000	-100000.0
20121105 14:20	40.7	36.6	40.7	53	24.9	6	12	0	0.00	30.044	152	0.000	-100000.0
20121105 14:25	40.5	36.4	40.5	53	24.7	6	15	338	0.00	30.044	161	0.000	-100000.0
20121105 14:30	40.4	35.6	40.4	53	24.6	7	14	338	0.00	30.048	164	0.000	-100000.0
20121105 14:35	40.4	36.9	40.4	53	24.6	5	9	0	0.00	30.048	127	0.000	-100000.0
20121105 14:40	40.1	34.2	40.1	53	24.4	9	15	0	0.00	30.048	103	0.000	-100000.0
20121105 14:45	40.0	34.6	40.0	54	24.7	8	16	315	0.00	30.051	94	0.000	-100000.0
20121105 14:50	39.8	33.8	39.8	52	23.6	9	18	315	0.00	30.051	108	0.000	-100000.0
20121105 14:55	39.9	34.5	39.9	52	23.7	8	19	292	0.00	30.051	123	0.000	-100000.0
20121105 15:00	39.8	33.8	39.8	52	23.6	9	14	315	0.00	30.060	115	0.004	-100000.0
20121105 15:05	39.8	35.5	39.8	52	23.6	6	13	315	0.00	30.060	106	0.000	-100000.0
20121105 15:10	39.9	35.0	39.9	53	24.2	7	14	292	0.00	30.060	93	0.000	-100000.0
20121105 15:15	39.7	34.8	39.7	52	23.5	7	16	0	0.00	30.063	76	0.000	-100000.0
20121105 15:20	39.6	35.3	39.6	52	23.4	6	14	0	0.00	30.063	57	0.000	-100000.0
20121105 15:25	39.5	36.7	39.5	52	23.3	4	11	315	0.00	30.063	54	0.000	-100000.0
20121105 15:30	39.3	36.5	39.3	53	23.6	4	11	0	0.00	30.069	63	0.000	-100000.0
20121105 15:35	39.3	35.7	39.3	52	23.2	5	14	315	0.00	30.069	60	0.000	-100000.0
20121105 15:40	39.2	35.5	39.2	52	23.1	5	12	315	0.00	30.069	64	0.000	-100000.0
20121105 15:45	39.2	34.8	39.2	51	22.6	6	14	338	0.00	30.067	63	0.000	-100000.0
20121105 15:50	39.1	33.5	39.1	51	22.5	8	16	338	0.00	30.067	46	0.000	-100000.0
20121105 15:55	38.9	34.4	38.9	50	21.9	6	14	0	0.00	30.067	36	0.000	-100000.0
20121105 16:00	38.8	35.9	38.8	51	22.2	4	14	338	0.00	30.072	43	0.003	-100000.0
20121105 16:05	38.8	35.9	38.8	51	22.2	4	11	315	0.00	30.072	32	0.000	-100000.0
20121105 16:10	38.8	35.9	38.8	50	21.8	4	13	0	0.00	30.072	38	0.000	-100000.0
20121105 16:15	38.8	35.9	38.8	50	21.8	4	14	22	0.00	30.079	29	0.000	-100000.0
20121105 16:20	38.8	38.8	38.8	50	21.8	3	6	315	0.00	30.079	21	0.000	-100000.0
20121105 16:25	38.6	34.8	38.6	50	21.6	5	16	0	0.00	30.079	11	0.000	-100000.0
20121105 16:30	38.4	34.6	38.4	51	21.9	5	12	0	0.00	30.082	8	0.000	-100000.0
20121105 16:35	38.2	34.4	38.2	51	21.7	5	13	338	0.00	30.082	6	0.000	-100000.0
20121105 16:40	38.0	35.0	38.0	51	21.5	4	14	0	0.00	30.082	3	0.000	-100000.0
20121105 16:45	37.9	34.0	37.9	50	20.9	5	10	0	0.00	30.086	0	0.000	-100000.0
20121105 16:50	37.7	37.7	37.7	50	20.8	3	7	0	0.00	30.086	0	0.000	-100000.0
20121105 16:55	37.5	37.5	37.5	51	21.0	1	4	0	0.00	30.086	0	0.000	-100000.0
20121105 17:00	37.2	37.2	37.2	51	20.8	1	5	338	0.00	30.095	0	0.001	-100000.0
20121105 17:05	37.1	37.1	37.1	51	20.7	1	3	338	0.00	30.095	0	0.000	-100000.0
20121105 17:10	37.0	37.0	37.0	51	20.6	1	4	338	0.00	30.095	0	0.000	-100000.0
20121105 17:15	36.9	36.9	36.9	52	20.9	0	2	338	0.00	30.099	0	0.000	-100000.0
20121105 17:20	36.8	36.8	36.8	52	20.8	0	2	338	0.00	30.099	0	0.000	-100000.0
20121105 17:25	36.6	36.6	36.6	52	20.7	0	0	-100000	0.00	30.099	0	0.000	-100000.0
20121105 17:30	36.4	36.4	36.4	53	20.9	0	0	-100000	0.00	30.111	0	0.000	-100000.0
20121105 17:35	36.2	36.2	36.2	53	20.7	0	0	-100000	0.00	30.111	0	0.000	-100000.0
20121105 17:40	36.1	36.1	36.1	53	20.6	0	0	-100000	0.00	30.111	0	0.000	-100000.0
20121105 17:45	35.9	35.9	35.9	54	20.9	0	0	-100000	0.00	30.130	0	0.000	-100000.0
20121105 17:50	35.8	35.8	35.8	54	20.8	0	0	-100000	0.00	30.130	0	0.000	-100000.0
20121105 17:55	35.7	35.7	35.7	54	20.7	0	0	-100000	0.00	30.130	0	0.000	-100000.0
20121105 18:00	35.5	35.5	35.5	54	20.5	0	0	-100000	0.00	30.131	0	0.001	-100000.0
20121105 18:05	35.3	35.3	35.3	55	20.8	0	0	-100000	0.00	30.131	0	0.000	-100000.0
20121105 18:10	35.1	35.1	35.1	55	20.6	0	0	-100000	0.00	30.131	0	0.000	-100000.0
20121105 18:15	34.9	34.9	34.9	56	20.8	0	2	338	0.00	30.137	0	0.000	-100000.0
20121105 18:20	34.5	34.5	34.5	56	20.4	0	2	338	0.00	30.137	0	0.000	-100000.0
20121105 18:25	34.4	34.4	34.4	56	20.3	0	2	338	0.00	30.137	0	0.000	-100000.0
20121105 18:30	34.4	34.4	34.4	56	20.3	0	2	338	0.00	30.146	0	0.000	-100000.0
20121105 18:35	34.4	34.4	34.4	57	20.8	0	0	-100000	0.00	30.146	0	0.000	-100000.0
20121105 18:40	34.1	34.1	34.1	57	20.5	0	0	-100000	0.00	30.146	0	0.000	-100000.0
20121105 18:45	33.9	33.9	33.9	58	20.7	0	0	-100000	0.00	30.154	0	0.000	-100000.0
20121105 18:50	33.7	33.7	33.7	58	20.5	0	0	-100000	0.00	30.154	0	0.000	-100000.0
20121105 18:55	33.4	33.4	33.4	59	20.6	0	0	-100000	0.00	30.154	0	0.000	-100000.0
20121105 19:00	33.4	33.4	33.4	59	20.6	0	1	338	0.00	30.158	0	0.001	-100000.0
20121105 19:05	33.4	33.4	33.4	59	20.6	0	1	338	0.00	30.158	0	0.000	-100000.0
20121105 19:10	33.2	33.2	33.2	59	20.4	0	0	-100000	0.00	30.158	0	0.000	-100000.0
20121105 19:15	32.9	32.9	32.9	62	21.3	0	0	-100000	0.00	30.161	0	0.000	-100000.0
20121105 19:20	32.1	32.1	32.1	64	21.3	0	0	-100000	0.00	30.161	0	0.000	-100000.0
20121105 19:25	31.3	31.3	31.3	64	20.6	0	0	-100000	0.00	30.161	0	0.000	-100000.0
20121105 19:30	30.8	30.8	30.8	66	20.8	0	0	-100000	0.00	30.169	0	0.000	-100000.0
20121105 19:35	30.7	30.7	30.7	66	20.7	0	0	-100000	0.00	30.169	0	0.000	-100000.0
20121105 19:40	30.6	30.6	30.6	66	20.6	0	0	-100000	0.00	30.169	0	0.000	-100000.0
20121105 19:45	30.6	30.6	30.6	68	21.3	0	0	-100000	0.00	30.177	0	0.000	-100000.0
20121105 19:50	30.9	30.9	30.9	66	20.9	0	0	-100000	0.00	30.177	0	0.000	-100000.0
20121105 19:55	31.1	31.1	31.1	66	21.1	0	0	-100000	0.00	30.177	0	0.000	-100000.0
20121105 20:00	31.1	31.1	31.1	67	21.4	0	0	-100000	0.00	30.181	0	0.001	-100000.0
20121105 20:05	31.2	31.2	31.2	66	21.2	0	0	-100000	0.00	30.181	0	0.000	-100000.0
20121105 20:10	31.5	31.5	31.5	65	21.1	0	0	-100000	0.00	30.181	0	0.000	-100000.0
20121105 20:15	31.7	31.7	31.7	64	20.9	0	1	338	0.00	30.190	0	0.000	-100000.0
20121105 20:20	31.8	31.8	31.8	64	21.0	0	1	338	0.00	30.190	0	0.000	-100000.0
20121105 20:25	31.9	31.9	31.9	65	21.5	0	2	338	0.00	30.190	0	0.000	-100000.0
20121105 20:30	31.8	31.8	31.8	65	21.4	0	1	338	0.00	30.192	0	0.000	-100000.0
20121105 20:35	31.6	31.6	31.6	66	21.6	0	0	-100000	0.00	30.192	0	0.000	-100000.0
20121105 20:40	31.3	31.3	31.3	67	21.6	0	0	-100000	0.00	30.192	0	0.000	-100000.0
20121105 20:45	30.8	30.8	30.8	68	21.5	0	0	-100000	0.00	30.195	0	0.000	-100000.0
20121105 20:50	30.2	30.2	30.2	68	20.9	0	0	-100000	0.00	30.195	0	0.000	-100000.0
20121105 20:55	30.0	30.0	30.0	69	21.1	0	0	-100000	0.00	30.195	0	0.000	-100000.0
20121105 21:00	30.1	30.1	30.1	68	20.8	0	0	-100000	0.00	30.194	0	0.001	-100000.0
20121105 21:05	29.9	29.9	29.9	69	21.0	0	0	-100000	0.00	30.194	0	0.000	-100000.0
20121105 21:10	29.5	29.5	29.5	70	20.9	0	0	-100000	0.00	30.194	0	0.000	-100000.0
20121105 21:15	29.0	29.0	29.0	73	21.4	0	0	-100000	0.00	30.203	0	0.000	-100000.0
20121105 21:20	28.7	28.7	28.7	74	21.5	0	0	-100000	0.00	30.203	0	0.000	-100000.0
20121105 21:25	28.4	28.4	28.4	75	21.5	0	0	-100000	0.00	30.203	0	0.000	-100000.0
20121105 21:30	28.1	28.1	28.1	75	21.2	0	0	-100000	0.00	30.208	0	0.000	-100000.0
20121105 21:35	27.9	27.9	27.9	75	21.0	0	0	-100000	0.00	30.208	0	0.000	-100000.0
20121105 21:40	28.0	28.0	28.0	75	21.1	0	0	-100000	0.00	30.208	0	0.000	-100000.0
20121105 21:45	28.4	28.4	28.4	73	20.9	0	0	-100000	0.00	30.209	0	0.000	-100000.0
20121105 21:50	28.7	28.7	28.7	73	21.2	0	0	-100000	0.00	30.209	0	0.000	-100000.0
20121105 21:55	28.9	28.9	28.9	72	21.0	0	0	-100000	0.00	30.209	0	0.000	-100000.0
20121105 22:00	29.1	29.1	29.1	71	20.9	0	0	-100000	0.00	30.209	0	0.000	-100000.0
20121105 22:05	29.1	29.1	29.1	70	20.6	0	0	-100000	0.00	30.209	0	0.000	-100000.0
20121105 22:10	28.9	28.9	28.9	72	21.0	0	0	-100000	0.00	30.209	0	0.000	-100000.0
20121105 22:15	28.5	28.5	28.5	73	21.0	0	0	-100000	0.00	30.217	0	0.000	-100000.0
20121105 22:20	28.1	28.1	28.1	74	20.9	0	0	-100000	0.00	30.217	0	0.000	-100000.0
20121105 22:25	27.8	27.8	27.8	75	20.9	0	0	-100000	0.00	30.217	0	0.000	-100000.0
20121105 22:30	27.6	27.6	27.6	75	20.7	0	0	-100000	0.00	30.217	0	0.000	-100000.0
20121105 22:35	27.4	27.4	27.4	76	20.8	0	0	-100000	0.00	30.217	0	0.000	-100000.0
20121105 22:40	27.4	27.4	27.4	75	20.5	0	0	-100000	0.00	30.217	0	0.000	-100000.0
20121105 22:45	27.6	27.6	27.6	75	20.7	0	0	-100000	0.00	30.222	0	0.000	-100000.0
20121105 22:50	27.3	27.3	27.3	76	20.8	0	0	-100000	0.00	30.222	0	0.000	-100000.0
20121105 22:55	27.3	27.3	27.3	77	21.1	0	1	338	0.00	30.222	0	0.000	-100000.0
20121105 23:00	27.2	27.2	27.2	79	21.6	0	1	338	0.00	30.224	0	0.000	-100000.0
20121105 23:05	27.3	27.3	27.3	80	22.0	0	0	-100000	0.00	30.224	0	0.000	-100000.0
20121105 23:10	27.5	27.5	27.5	80	22.2	0	0	-100000	0.00	30.224	0	0.000	-100000.0
20121105 23:15	27.7	27.7	27.7	80	22.4	0	0	-100000	0.00	30.227	0	0.000	-100000.0
20121105 23:20	28.0	28.0	28.0	79	22.3	0	0	-100000	0.00	30.227	0	0.000	-100000.0
20121105 23:25	28.0	28.0	28.0	79	22.3	0	0	-100000	0.00	30.227	0	0.000	-100000.0
20121105 23:30	27.8	27.8	27.8	79	22.2	0	0	-100000	0.00	30.236	0	0.000	-100000.0
20121105 23:35	27.5	27.5	27.5	79	21.9	0	0	-100000	0.00	30.236	0	0.000	-100000.0
20121105 23:40	27.2	27.2	27.2	79	21.6	0	0	-100000	0.00	30.236	0	0.000	-100000.0
20121105 23:45	27.0	27.0	27.0	80	21.7	0	0	-100000	0.00	30.237	0	0.000	-100000.0
20121105 23:50	26.7	26.7	26.7	80	21.4	0	0	-100000	0.00	30.237	0	0.000	-100000.0
20121105 23:55	26.3	26.3	26.3	81	21.3	0	0	-100000	0.00	30.237	0	0.000	-100000.0
