--Timestamp---	Temp	Chill	HIndex	Humid	Dewpt	 Wind 	HiWind	WindDir	Rain 	Barom	Solar	 ET  	 UV 
20120408 00:00	45.6	45.6	45.6	49	27.6	1	5	22	0.00	30.036	0	0.002	-100000.0
20120408 00:05	45.6	45.6	45.6	49	27.6	0	4	22	0.00	30.036	0	0.000	-100000.0
20120408 00:10	45.5	45.5	45.5	49	27.5	0	3	22	0.00	30.036	0	0.000	-100000.0
20120408 00:15	45.4	45.4	45.4	50	27.9	0	1	22	0.00	30.030	0	0.000	-100000.0
20120408 00:20	45.4	45.4	45.4	49	27.4	0	2	22	0.00	30.030	0	0.000	-100000.0
20120408 00:25	45.3	45.3	45.3	50	27.8	0	1	22	0.00	30.030	0	0.000	-100000.0
20120408 00:30	45.2	45.2	45.2	50	27.7	0	1	22	0.00	30.029	0	0.000	-100000.0
20120408 00:35	45.0	45.0	45.0	50	27.5	0	1	22	0.00	30.029	0	0.000	-100000.0
20120408 00:40	45.0	45.0	45.0	50	27.5	0	1	22	0.00	30.029	0	0.000	-100000.0
20120408 00:45	44.9	44.9	44.9	51	27.9	0	2	22	0.00	30.027	0	0.000	-100000.0
20120408 00:50	44.8	44.8	44.8	51	27.8	0	0	-100000	0.00	30.027	0	0.000	-100000.0
20120408 00:55	44.7	44.7	44.7	50	27.2	0	2	22	0.00	30.027	0	0.000	-100000.0
20120408 01:00	44.6	44.6	44.6	50	27.1	0	1	22	0.00	30.021	0	0.001	-100000.0
20120408 01:05	44.5	44.5	44.5	50	27.0	0	1	22	0.00	30.021	0	0.000	-100000.0
20120408 01:10	44.5	44.5	44.5	50	27.0	0	1	22	0.00	30.021	0	0.000	-100000.0
20120408 01:15	44.4	44.4	44.4	50	26.9	0	0	-100000	0.00	30.015	0	0.000	-100000.0
20120408 01:20	44.3	44.3	44.3	51	27.3	0	1	22	0.00	30.015	0	0.000	-100000.0
20120408 01:25	44.2	44.2	44.2	51	27.2	0	1	22	0.00	30.015	0	0.000	-100000.0
20120408 01:30	44.2	44.2	44.2	52	27.7	0	0	-100000	0.00	30.011	0	0.000	-100000.0
20120408 01:35	44.0	44.0	44.0	52	27.5	0	0	-100000	0.00	30.011	0	0.000	-100000.0
20120408 01:40	43.9	43.9	43.9	52	27.4	0	1	22	0.00	30.011	0	0.000	-100000.0
20120408 01:45	43.9	43.9	43.9	51	27.0	0	0	-100000	0.00	30.008	0	0.000	-100000.0
20120408 01:50	44.0	44.0	44.0	51	27.0	0	0	-100000	0.00	30.008	0	0.000	-100000.0
20120408 01:55	44.1	44.1	44.1	51	27.1	0	0	-100000	0.00	30.008	0	0.000	-100000.0
20120408 02:00	44.1	44.1	44.1	50	26.7	0	1	22	0.00	29.999	0	0.001	-100000.0
20120408 02:05	44.0	44.0	44.0	51	27.0	0	3	22	0.00	29.999	0	0.000	-100000.0
20120408 02:10	43.9	43.9	43.9	51	27.0	0	1	22	0.00	29.999	0	0.000	-100000.0
20120408 02:15	43.8	43.8	43.8	52	27.3	0	0	-100000	0.00	29.995	0	0.000	-100000.0
20120408 02:20	43.7	43.7	43.7	52	27.2	0	0	-100000	0.00	29.995	0	0.000	-100000.0
20120408 02:25	43.7	43.7	43.7	52	27.2	0	1	22	0.00	29.995	0	0.000	-100000.0
20120408 02:30	43.6	43.6	43.6	53	27.6	0	1	22	0.00	29.982	0	0.000	-100000.0
20120408 02:35	43.4	43.4	43.4	53	27.4	0	0	-100000	0.00	29.982	0	0.000	-100000.0
20120408 02:40	43.1	43.1	43.1	53	27.1	0	1	22	0.00	29.982	0	0.000	-100000.0
20120408 02:45	43.0	43.0	43.0	54	27.5	0	1	22	0.00	29.978	0	0.000	-100000.0
20120408 02:50	42.8	42.8	42.8	54	27.3	0	1	22	0.00	29.978	0	0.000	-100000.0
20120408 02:55	42.8	42.8	42.8	55	27.8	0	0	-100000	0.00	29.978	0	0.000	-100000.0
20120408 03:00	42.7	42.7	42.7	56	28.1	0	0	-100000	0.00	29.966	0	0.001	-100000.0
20120408 03:05	42.6	42.6	42.6	56	28.0	0	0	-100000	0.00	29.966	0	0.000	-100000.0
20120408 03:10	42.2	42.2	42.2	58	28.5	0	1	22	0.00	29.966	0	0.000	-100000.0
20120408 03:15	41.9	41.9	41.9	59	28.6	0	0	-100000	0.00	29.962	0	0.000	-100000.0
20120408 03:20	41.8	41.8	41.8	58	28.1	0	1	22	0.00	29.962	0	0.000	-100000.0
20120408 03:25	41.7	41.7	41.7	58	28.0	0	0	-100000	0.00	29.962	0	0.000	-100000.0
20120408 03:30	41.8	41.8	41.8	58	28.1	0	0	-100000	0.00	29.954	0	0.000	-100000.0
20120408 03:35	41.7	41.7	41.7	58	28.0	0	0	-100000	0.00	29.954	0	0.000	-100000.0
20120408 03:40	41.6	41.6	41.6	58	27.9	0	1	22	0.00	29.954	0	0.000	-100000.0
20120408 03:45	41.5	41.5	41.5	58	27.8	0	1	22	0.00	29.951	0	0.000	-100000.0
20120408 03:50	41.5	41.5	41.5	57	27.4	0	0	-100000	0.00	29.951	0	0.000	-100000.0
20120408 03:55	41.6	41.6	41.6	56	27.1	0	0	-100000	0.00	29.951	0	0.000	-100000.0
20120408 04:00	41.7	41.7	41.7	56	27.2	0	0	-100000	0.00	29.949	0	0.001	-100000.0
20120408 04:05	41.8	41.8	41.8	56	27.3	0	0	-100000	0.00	29.949	0	0.000	-100000.0
20120408 04:10	41.9	41.9	41.9	56	27.4	0	0	-100000	0.00	29.949	0	0.000	-100000.0
20120408 04:15	41.8	41.8	41.8	59	28.5	0	0	-100000	0.00	29.943	0	0.000	-100000.0
20120408 04:20	41.6	41.6	41.6	59	28.3	0	0	-100000	0.00	29.943	0	0.000	-100000.0
20120408 04:25	41.3	41.3	41.3	60	28.5	0	1	22	0.00	29.943	0	0.000	-100000.0
20120408 04:30	41.2	41.2	41.2	61	28.8	0	1	22	0.00	29.937	0	0.000	-100000.0
20120408 04:35	41.1	41.1	41.1	61	28.7	0	0	-100000	0.00	29.937	0	0.000	-100000.0
20120408 04:40	41.0	41.0	41.0	60	28.2	0	0	-100000	0.00	29.937	0	0.000	-100000.0
20120408 04:45	41.0	41.0	41.0	60	28.2	0	0	-100000	0.00	29.937	0	0.000	-100000.0
20120408 04:50	41.0	41.0	41.0	60	28.2	0	0	-100000	0.00	29.937	0	0.000	-100000.0
20120408 04:55	41.0	41.0	41.0	60	28.2	0	0	-100000	0.00	29.937	0	0.000	-100000.0
20120408 05:00	41.1	41.1	41.1	60	28.3	0	1	22	0.00	29.935	0	0.001	-100000.0
20120408 05:05	40.9	40.9	40.9	62	28.9	0	1	22	0.00	29.935	0	0.000	-100000.0
20120408 05:10	40.8	40.8	40.8	62	28.8	0	2	22	0.00	29.935	0	0.000	-100000.0
20120408 05:15	40.8	40.8	40.8	62	28.8	0	3	22	0.00	29.933	0	0.000	-100000.0
20120408 05:20	40.8	40.8	40.8	62	28.8	0	1	22	0.00	29.933	0	0.000	-100000.0
20120408 05:25	40.9	40.9	40.9	62	28.9	0	1	22	0.00	29.933	0	0.000	-100000.0
20120408 05:30	41.0	41.0	41.0	63	29.4	0	1	22	0.00	29.924	0	0.000	-100000.0
20120408 05:35	41.0	41.0	41.0	63	29.4	0	0	-100000	0.00	29.924	0	0.000	-100000.0
20120408 05:40	41.0	41.0	41.0	64	29.8	0	0	-100000	0.00	29.924	0	0.000	-100000.0
20120408 05:45	41.0	41.0	41.0	63	29.4	0	0	-100000	0.00	29.920	0	0.000	-100000.0
20120408 05:50	41.0	41.0	41.0	63	29.4	0	0	-100000	0.00	29.920	0	0.000	-100000.0
20120408 05:55	40.9	40.9	40.9	64	29.7	0	0	-100000	0.00	29.920	0	0.000	-100000.0
20120408 06:00	40.8	40.8	40.8	64	29.6	0	0	-100000	0.00	29.921	0	0.001	-100000.0
20120408 06:05	40.8	40.8	40.8	64	29.6	0	1	22	0.00	29.921	0	0.000	-100000.0
20120408 06:10	40.9	40.9	40.9	64	29.7	0	0	-100000	0.00	29.921	0	0.000	-100000.0
20120408 06:15	40.6	40.6	40.6	65	29.8	0	0	-100000	0.00	29.920	0	0.000	-100000.0
20120408 06:20	40.5	40.5	40.5	65	29.7	0	0	-100000	0.00	29.920	0	0.000	-100000.0
20120408 06:25	40.2	40.2	40.2	66	29.8	0	1	22	0.00	29.920	0	0.000	-100000.0
20120408 06:30	40.0	40.0	40.0	67	29.9	0	0	-100000	0.00	29.925	2	0.000	-100000.0
20120408 06:35	39.9	39.9	39.9	68	30.2	0	0	-100000	0.00	29.925	6	0.000	-100000.0
20120408 06:40	39.8	39.8	39.8	68	30.1	0	0	-100000	0.00	29.925	9	0.000	-100000.0
20120408 06:45	39.8	39.8	39.8	68	30.1	0	0	-100000	0.00	29.930	12	0.000	-100000.0
20120408 06:50	39.9	39.9	39.9	68	30.2	0	0	-100000	0.00	29.930	15	0.000	-100000.0
20120408 06:55	39.9	39.9	39.9	68	30.2	0	0	-100000	0.00	29.930	19	0.000	-100000.0
20120408 07:00	39.8	39.8	39.8	69	30.5	0	0	-100000	0.00	29.920	23	0.000	-100000.0
20120408 07:05	39.8	39.8	39.8	69	30.5	0	1	22	0.00	29.920	29	0.000	-100000.0
20120408 07:10	39.9	39.9	39.9	69	30.6	0	1	22	0.00	29.920	36	0.000	-100000.0
20120408 07:15	40.0	40.0	40.0	68	30.3	0	1	22	0.00	29.919	44	0.000	-100000.0
20120408 07:20	40.2	40.2	40.2	68	30.5	0	2	22	0.00	29.919	53	0.000	-100000.0
20120408 07:25	40.0	40.0	40.0	69	30.7	0	1	22	0.00	29.919	59	0.000	-100000.0
20120408 07:30	40.0	40.0	40.0	70	31.0	0	1	22	0.00	29.916	60	0.000	-100000.0
20120408 07:35	40.0	40.0	40.0	70	31.0	0	2	22	0.00	29.916	62	0.000	-100000.0
20120408 07:40	40.2	40.2	40.2	70	31.2	0	2	22	0.00	29.916	67	0.000	-100000.0
20120408 07:45	40.4	40.4	40.4	69	31.0	0	1	22	0.00	29.909	78	0.000	-100000.0
20120408 07:50	40.8	40.8	40.8	69	31.4	0	1	22	0.00	29.909	95	0.000	-100000.0
20120408 07:55	41.1	41.1	41.1	68	31.4	0	1	22	0.00	29.909	113	0.000	-100000.0
20120408 08:00	41.3	41.3	41.3	66	30.8	1	4	22	0.00	29.912	128	0.001	-100000.0
20120408 08:05	41.5	41.5	41.5	65	30.6	0	3	22	0.00	29.912	134	0.000	-100000.0
20120408 08:10	41.7	41.7	41.7	64	30.4	0	2	22	0.00	29.912	132	0.000	-100000.0
20120408 08:15	42.0	42.0	42.0	62	29.9	1	5	22	0.00	29.909	133	0.000	-100000.0
20120408 08:20	42.4	42.4	42.4	61	29.9	2	5	0	0.00	29.909	147	0.000	-100000.0
20120408 08:25	42.8	42.8	42.8	60	29.9	3	9	0	0.00	29.909	161	0.000	-100000.0
20120408 08:30	43.1	40.9	43.1	57	28.9	4	11	270	0.00	29.907	168	0.000	-100000.0
20120408 08:35	43.3	40.3	43.3	56	28.7	5	11	270	0.00	29.907	168	0.000	-100000.0
20120408 08:40	43.4	39.8	43.4	54	27.9	6	12	338	0.00	29.907	174	0.000	-100000.0
20120408 08:45	43.4	39.2	43.4	53	27.4	7	12	338	0.00	29.908	189	0.000	-100000.0
20120408 08:50	43.6	40.7	43.6	54	28.1	5	9	338	0.00	29.908	198	0.000	-100000.0
20120408 08:55	43.8	40.9	43.8	53	27.8	5	10	315	0.00	29.908	201	0.000	-100000.0
20120408 09:00	44.1	44.1	44.1	53	28.1	3	13	338	0.00	29.905	205	0.004	-100000.0
20120408 09:05	44.1	41.3	44.1	52	27.6	5	11	338	0.00	29.905	224	0.000	-100000.0
20120408 09:10	44.3	41.5	44.3	51	27.3	5	10	0	0.00	29.905	238	0.000	-100000.0
20120408 09:15	44.6	42.6	44.6	52	28.1	4	10	315	0.00	29.906	238	0.000	-100000.0
20120408 09:20	44.4	42.4	44.4	51	27.4	4	12	0	0.00	29.906	244	0.000	-100000.0
20120408 09:25	44.8	44.8	44.8	51	27.8	3	9	315	0.00	29.906	253	0.000	-100000.0
20120408 09:30	44.8	42.9	44.8	50	27.3	4	10	0	0.00	29.905	270	0.000	-100000.0
20120408 09:35	45.0	45.0	45.0	51	28.0	3	9	0	0.00	29.905	278	0.000	-100000.0
20120408 09:40	45.0	42.3	45.0	50	27.5	5	11	338	0.00	29.905	291	0.000	-100000.0
20120408 09:45	45.0	43.1	45.0	50	27.5	4	13	0	0.00	29.905	301	0.000	-100000.0
20120408 09:50	45.2	45.2	45.2	50	27.7	3	10	0	0.00	29.905	330	0.000	-100000.0
20120408 09:55	45.4	42.8	45.4	50	27.9	5	12	338	0.00	29.905	379	0.000	-100000.0
20120408 10:00	45.6	43.8	45.6	50	28.0	4	18	292	0.00	29.890	386	0.006	-100000.0
20120408 10:05	45.6	42.4	45.6	49	27.6	6	12	292	0.00	29.890	427	0.000	-100000.0
20120408 10:10	45.9	45.9	45.9	49	27.8	3	6	338	0.00	29.890	451	0.000	-100000.0
20120408 10:15	46.5	44.1	46.5	49	28.4	5	10	0	0.00	29.882	546	0.000	-100000.0
20120408 10:20	46.2	43.1	46.2	48	27.6	6	11	270	0.00	29.882	636	0.000	-100000.0
20120408 10:25	46.4	46.4	46.4	48	27.8	3	9	292	0.00	29.882	629	0.000	-100000.0
20120408 10:30	46.9	46.9	46.9	46	27.2	3	9	45	0.00	29.874	440	0.000	-100000.0
20120408 10:35	46.9	46.9	46.9	47	27.7	1	9	22	0.00	29.874	277	0.000	-100000.0
20120408 10:40	46.7	46.7	46.7	47	27.6	3	6	338	0.00	29.874	230	0.000	-100000.0
20120408 10:45	46.9	45.3	46.9	47	27.7	4	11	248	0.00	29.864	246	0.000	-100000.0
20120408 10:50	47.4	47.4	47.4	47	28.2	3	9	270	0.00	29.864	380	0.000	-100000.0
20120408 10:55	47.5	44.7	47.5	44	26.7	6	16	0	0.00	29.864	394	0.000	-100000.0
20120408 11:00	47.7	43.6	47.7	43	26.3	9	15	0	0.00	29.858	472	0.009	-100000.0
20120408 11:05	48.3	44.7	48.3	43	26.9	8	16	315	0.00	29.858	469	0.000	-100000.0
20120408 11:10	48.4	45.3	48.4	42	26.4	7	15	0	0.00	29.858	438	0.000	-100000.0
20120408 11:15	48.5	44.9	48.5	42	26.5	8	13	338	0.00	29.849	431	0.000	-100000.0
20120408 11:20	48.7	46.7	48.7	41	26.1	5	11	338	0.00	29.849	439	0.000	-100000.0
20120408 11:25	48.9	45.4	48.9	41	26.2	8	17	315	0.00	29.849	352	0.000	-100000.0
20120408 11:30	48.6	45.1	48.6	42	26.6	8	15	315	0.00	29.841	315	0.000	-100000.0
20120408 11:35	48.8	45.7	48.8	42	26.7	7	13	270	0.00	29.841	293	0.000	-100000.0
20120408 11:40	49.0	45.5	49.0	42	26.9	8	16	292	0.00	29.841	255	0.000	-100000.0
20120408 11:45	48.6	45.5	48.6	42	26.6	7	16	315	0.00	29.833	252	0.000	-100000.0
20120408 11:50	48.6	45.5	48.6	42	26.6	7	18	0	0.00	29.833	286	0.000	-100000.0
20120408 11:55	48.5	45.4	48.5	42	26.5	7	17	315	0.00	29.833	265	0.000	-100000.0
20120408 12:00	48.4	45.3	48.4	42	26.4	7	14	0	0.00	29.827	226	0.009	-100000.0
20120408 12:05	48.7	45.2	48.7	42	26.6	8	15	338	0.00	29.827	265	0.000	-100000.0
20120408 12:10	48.7	43.8	48.7	41	26.1	12	22	0	0.00	29.827	270	0.000	-100000.0
20120408 12:15	48.7	44.4	48.7	41	26.1	10	19	292	0.00	29.818	240	0.000	-100000.0
20120408 12:20	48.7	45.6	48.7	42	26.6	7	15	315	0.00	29.818	200	0.000	-100000.0
20120408 12:25	48.5	44.5	48.5	42	26.5	9	17	315	0.00	29.818	210	0.000	-100000.0
20120408 12:30	48.3	44.3	48.3	42	26.3	9	18	338	0.00	29.813	235	0.000	-100000.0
20120408 12:35	48.3	45.1	48.3	43	26.9	7	13	338	0.00	29.813	217	0.000	-100000.0
20120408 12:40	48.7	45.6	48.7	43	27.2	7	17	292	0.00	29.813	229	0.000	-100000.0
20120408 12:45	48.5	43.8	48.5	42	26.5	11	20	315	0.00	29.811	230	0.000	-100000.0
20120408 12:50	48.4	44.1	48.4	42	26.4	10	18	338	0.00	29.811	258	0.000	-100000.0
20120408 12:55	48.8	45.3	48.8	42	26.7	8	17	338	0.00	29.811	334	0.000	-100000.0
20120408 13:00	48.8	44.5	48.8	42	26.7	10	21	315	0.00	29.805	280	0.008	-100000.0
20120408 13:05	48.6	43.7	48.6	42	26.6	12	21	0	0.00	29.805	332	0.000	-100000.0
20120408 13:10	49.1	45.7	49.1	41	26.4	8	18	0	0.00	29.805	397	0.000	-100000.0
20120408 13:15	49.2	45.0	49.2	41	26.5	10	19	315	0.00	29.796	488	0.000	-100000.0
20120408 13:20	49.6	46.7	49.6	42	27.5	7	19	315	0.00	29.796	514	0.000	-100000.0
20120408 13:25	49.7	45.7	49.7	42	27.6	10	20	22	0.00	29.796	493	0.000	-100000.0
20120408 13:30	49.6	45.2	49.6	41	26.9	11	17	0	0.00	29.782	430	0.000	-100000.0
20120408 13:35	50.1	50.1	50.1	42	27.9	7	16	315	0.00	29.782	886	0.000	-100000.0
20120408 13:40	50.6	50.6	50.6	43	28.9	7	16	315	0.00	29.782	917	0.000	-100000.0
20120408 13:45	50.2	50.2	50.2	40	26.8	10	19	338	0.00	29.774	629	0.000	-100000.0
20120408 13:50	49.7	46.8	49.7	41	27.0	7	13	315	0.00	29.774	228	0.000	-100000.0
20120408 13:55	49.7	45.3	49.7	41	27.0	11	17	292	0.00	29.774	456	0.000	-100000.0
20120408 14:00	50.7	50.7	50.7	42	28.5	10	16	270	0.00	29.764	842	0.014	-100000.0
20120408 14:05	51.3	51.3	51.3	41	28.4	7	17	22	0.00	29.764	925	0.000	-100000.0
20120408 14:10	51.5	51.5	51.5	40	28.0	7	20	338	0.00	29.764	895	0.000	-100000.0
20120408 14:15	51.7	51.7	51.7	39	27.6	7	16	0	0.00	29.754	615	0.000	-100000.0
20120408 14:20	51.8	51.8	51.8	39	27.6	8	15	338	0.00	29.754	302	0.000	-100000.0
20120408 14:25	52.0	52.0	52.0	40	28.4	9	20	0	0.00	29.754	820	0.000	-100000.0
20120408 14:30	53.2	53.2	53.2	38	28.3	8	14	0	0.00	29.745	776	0.000	-100000.0
20120408 14:35	52.9	52.9	52.9	38	28.0	8	16	0	0.00	29.745	695	0.000	-100000.0
20120408 14:40	53.1	53.1	53.1	37	27.5	7	15	270	0.00	29.745	928	0.000	-100000.0
20120408 14:45	52.4	52.4	52.4	37	26.9	8	18	0	0.00	29.736	506	0.000	-100000.0
20120408 14:50	52.5	52.5	52.5	40	28.9	5	12	315	0.00	29.736	552	0.000	-100000.0
20120408 14:55	53.6	53.6	53.6	37	28.0	7	15	315	0.00	29.736	611	0.000	-100000.0
20120408 15:00	53.3	53.3	53.3	37	27.7	5	14	270	0.00	29.728	640	0.015	-100000.0
20120408 15:05	53.6	53.6	53.6	38	28.6	6	13	22	0.00	29.728	584	0.000	-100000.0
20120408 15:10	53.9	53.9	53.9	38	28.9	7	15	315	0.00	29.728	760	0.000	-100000.0
20120408 15:15	54.1	54.1	54.1	38	29.1	6	12	315	0.00	29.718	635	0.000	-100000.0
20120408 15:20	53.7	53.7	53.7	37	28.1	6	13	0	0.00	29.718	466	0.000	-100000.0
20120408 15:25	53.6	53.6	53.6	38	28.6	6	13	315	0.00	29.718	542	0.000	-100000.0
20120408 15:30	53.9	53.9	53.9	37	28.2	6	10	292	0.00	29.715	496	0.000	-100000.0
20120408 15:35	54.2	54.2	54.2	36	27.8	5	10	0	0.00	29.715	656	0.000	-100000.0
20120408 15:40	54.6	54.6	54.6	36	28.2	5	13	45	0.00	29.715	648	0.000	-100000.0
20120408 15:45	54.8	54.8	54.8	36	28.4	4	10	315	0.00	29.703	761	0.000	-100000.0
20120408 15:50	54.6	54.6	54.6	36	28.2	5	10	315	0.00	29.703	240	0.000	-100000.0
20120408 15:55	54.7	54.7	54.7	36	28.3	3	12	0	0.00	29.703	236	0.000	-100000.0
20120408 16:00	55.0	55.0	55.0	37	29.2	4	9	248	0.00	29.700	262	0.013	-100000.0
20120408 16:05	55.1	55.1	55.1	36	28.6	6	14	270	0.00	29.700	472	0.000	-100000.0
20120408 16:10	55.4	55.4	55.4	36	28.9	4	7	315	0.00	29.700	209	0.000	-100000.0
20120408 16:15	55.9	55.9	55.9	36	29.3	2	7	292	0.00	29.687	312	0.000	-100000.0
20120408 16:20	55.7	55.7	55.7	36	29.2	4	13	270	0.00	29.687	437	0.000	-100000.0
20120408 16:25	56.2	56.2	56.2	36	29.6	5	15	270	0.00	29.687	254	0.000	-100000.0
20120408 16:30	56.1	56.1	56.1	36	29.5	6	16	338	0.00	29.684	262	0.000	-100000.0
20120408 16:35	56.3	56.3	56.3	35	29.0	8	13	270	0.00	29.684	521	0.000	-100000.0
20120408 16:40	56.5	56.5	56.5	36	29.9	5	10	315	0.00	29.684	412	0.000	-100000.0
20120408 16:45	57.1	57.1	57.1	34	29.0	5	14	292	0.00	29.671	499	0.000	-100000.0
20120408 16:50	57.0	57.0	57.0	35	29.6	7	13	270	0.00	29.671	440	0.000	-100000.0
20120408 16:55	57.3	57.3	57.3	35	29.9	7	16	292	0.00	29.671	373	0.000	-100000.0
20120408 17:00	57.6	57.6	57.6	36	30.8	4	10	292	0.00	29.668	373	0.010	-100000.0
20120408 17:05	57.5	57.5	57.5	34	29.4	7	19	270	0.00	29.668	303	0.000	-100000.0
20120408 17:10	56.9	56.9	56.9	35	29.5	12	27	292	0.00	29.668	329	0.000	-100000.0
20120408 17:15	57.2	57.2	57.2	35	29.8	12	22	292	0.00	29.663	384	0.000	-100000.0
20120408 17:20	57.7	57.7	57.7	34	29.5	10	16	270	0.00	29.663	363	0.000	-100000.0
20120408 17:25	57.8	57.8	57.8	34	29.6	9	16	292	0.00	29.663	351	0.000	-100000.0
20120408 17:30	57.9	57.9	57.9	34	29.7	9	17	292	0.00	29.657	338	0.000	-100000.0
20120408 17:35	58.0	58.0	58.0	34	29.8	5	11	315	0.00	29.657	316	0.000	-100000.0
20120408 17:40	58.2	58.2	58.2	34	30.0	4	9	315	0.00	29.657	173	0.000	-100000.0
20120408 17:45	58.2	58.2	58.2	34	30.0	5	11	270	0.00	29.655	260	0.000	-100000.0
20120408 17:50	58.1	58.1	58.1	35	30.6	6	15	315	0.00	29.655	137	0.000	-100000.0
20120408 17:55	58.1	58.1	58.1	35	30.6	7	14	270	0.00	29.655	107	0.000	-100000.0
20120408 18:00	57.8	57.8	57.8	35	30.3	8	15	270	0.00	29.654	62	0.009	-100000.0
20120408 18:05	57.5	57.5	57.5	35	30.1	7	15	270	0.00	29.654	50	0.000	-100000.0
20120408 18:10	57.5	57.5	57.5	36	30.8	9	14	270	0.00	29.654	58	0.000	-100000.0
20120408 18:15	57.4	57.4	57.4	36	30.7	9	13	270	0.00	29.655	59	0.000	-100000.0
20120408 18:20	57.3	57.3	57.3	36	30.6	7	14	270	0.00	29.655	37	0.000	-100000.0
20120408 18:25	57.1	57.1	57.1	36	30.4	8	15	292	0.00	29.655	31	0.000	-100000.0
20120408 18:30	57.0	57.0	57.0	36	30.3	9	15	270	0.00	29.655	28	0.000	-100000.0
20120408 18:35	56.9	56.9	56.9	37	30.9	9	15	270	0.00	29.655	33	0.000	-100000.0
20120408 18:40	56.9	56.9	56.9	36	30.2	11	20	270	0.00	29.655	37	0.000	-100000.0
20120408 18:45	56.8	56.8	56.8	37	30.8	11	19	270	0.00	29.655	26	0.000	-100000.0
20120408 18:50	56.7	56.7	56.7	37	30.7	11	17	270	0.00	29.655	23	0.000	-100000.0
20120408 18:55	56.8	56.8	56.8	37	30.8	10	17	270	0.00	29.655	31	0.000	-100000.0
20120408 19:00	56.9	56.9	56.9	37	30.9	9	16	292	0.00	29.654	28	0.005	-100000.0
20120408 19:05	56.9	56.9	56.9	36	30.2	10	19	270	0.00	29.654	21	0.000	-100000.0
20120408 19:10	56.7	56.7	56.7	37	30.7	7	15	270	0.00	29.654	15	0.000	-100000.0
20120408 19:15	56.5	56.5	56.5	37	30.5	4	9	270	0.00	29.652	12	0.000	-100000.0
20120408 19:20	56.3	56.3	56.3	38	31.0	3	9	292	0.00	29.652	9	0.000	-100000.0
20120408 19:25	56.2	56.2	56.2	37	30.3	3	6	292	0.00	29.652	5	0.000	-100000.0
20120408 19:30	56.0	56.0	56.0	37	30.1	3	6	292	0.00	29.655	0	0.000	-100000.0
20120408 19:35	56.0	56.0	56.0	37	30.1	6	12	270	0.00	29.655	0	0.000	-100000.0
20120408 19:40	55.8	55.8	55.8	38	30.6	1	4	292	0.00	29.655	0	0.000	-100000.0
20120408 19:45	55.6	55.6	55.6	38	30.4	5	12	270	0.00	29.656	0	0.000	-100000.0
20120408 19:50	55.6	55.6	55.6	38	30.4	3	6	292	0.00	29.656	0	0.000	-100000.0
20120408 19:55	55.5	55.5	55.5	37	29.7	2	7	270	0.00	29.656	0	0.000	-100000.0
20120408 20:00	55.3	55.3	55.3	38	30.1	2	6	270	0.00	29.656	0	0.002	-100000.0
20120408 20:05	55.2	55.2	55.2	38	30.0	4	9	248	0.00	29.656	0	0.000	-100000.0
20120408 20:10	55.1	55.1	55.1	38	30.0	3	7	248	0.00	29.656	0	0.000	-100000.0
20120408 20:15	54.8	54.8	54.8	37	29.0	6	15	270	0.00	29.658	0	0.000	-100000.0
20120408 20:20	55.0	55.0	55.0	36	28.5	11	16	270	0.00	29.658	0	0.000	-100000.0
20120408 20:25	54.9	54.9	54.9	36	28.5	10	19	270	0.00	29.658	0	0.000	-100000.0
20120408 20:30	54.9	54.9	54.9	35	27.8	13	21	270	0.00	29.666	0	0.000	-100000.0
20120408 20:35	54.8	54.8	54.8	36	28.4	10	18	292	0.00	29.666	0	0.000	-100000.0
20120408 20:40	54.6	54.6	54.6	36	28.2	10	16	270	0.00	29.666	0	0.000	-100000.0
20120408 20:45	54.5	54.5	54.5	36	28.1	11	17	292	0.00	29.672	0	0.000	-100000.0
20120408 20:50	54.2	54.2	54.2	36	27.8	7	14	270	0.00	29.672	0	0.000	-100000.0
20120408 20:55	54.0	54.0	54.0	37	28.3	6	15	270	0.00	29.672	0	0.000	-100000.0
20120408 21:00	53.9	53.9	53.9	37	28.2	9	19	270	0.00	29.672	0	0.005	-100000.0
20120408 21:05	53.8	53.8	53.8	37	28.1	5	13	292	0.00	29.672	0	0.000	-100000.0
20120408 21:10	53.5	53.5	53.5	37	27.9	4	10	292	0.00	29.672	0	0.000	-100000.0
20120408 21:15	53.5	53.5	53.5	37	27.9	6	15	270	0.00	29.669	0	0.000	-100000.0
20120408 21:20	53.3	53.3	53.3	37	27.7	4	11	315	0.00	29.669	0	0.000	-100000.0
20120408 21:25	53.2	53.2	53.2	38	28.3	7	11	270	0.00	29.669	0	0.000	-100000.0
20120408 21:30	53.0	53.0	53.0	38	28.1	5	12	270	0.00	29.672	0	0.000	-100000.0
20120408 21:35	53.0	53.0	53.0	38	28.1	7	13	270	0.00	29.672	0	0.000	-100000.0
20120408 21:40	52.9	52.9	52.9	38	28.0	7	12	270	0.00	29.672	0	0.000	-100000.0
20120408 21:45	52.8	52.8	52.8	38	27.9	7	13	270	0.00	29.673	0	0.000	-100000.0
20120408 21:50	52.7	52.7	52.7	38	27.8	6	12	292	0.00	29.673	0	0.000	-100000.0
20120408 21:55	52.6	52.6	52.6	39	28.4	4	10	292	0.00	29.673	0	0.000	-100000.0
20120408 22:00	52.5	52.5	52.5	39	28.3	3	9	292	0.00	29.674	0	0.004	-100000.0
20120408 22:05	52.5	52.5	52.5	39	28.3	5	9	270	0.00	29.674	0	0.000	-100000.0
20120408 22:10	52.3	52.3	52.3	39	28.1	5	10	270	0.00	29.674	0	0.000	-100000.0
20120408 22:15	52.1	52.1	52.1	40	28.5	3	8	292	0.00	29.681	0	0.000	-100000.0
20120408 22:20	51.8	51.8	51.8	40	28.3	3	5	292	0.00	29.681	0	0.000	-100000.0
20120408 22:25	51.7	51.7	51.7	39	27.6	2	6	292	0.00	29.681	0	0.000	-100000.0
20120408 22:30	51.6	51.6	51.6	40	28.1	2	5	270	0.00	29.670	0	0.000	-100000.0
20120408 22:35	51.5	51.5	51.5	40	28.0	2	6	270	0.00	29.670	0	0.000	-100000.0
20120408 22:40	51.4	51.4	51.4	40	27.9	1	3	270	0.00	29.670	0	0.000	-100000.0
20120408 22:45	51.4	51.4	51.4	40	27.9	1	5	270	0.00	29.659	0	0.000	-100000.0
20120408 22:50	51.3	51.3	51.3	40	27.8	0	4	270	0.00	29.659	0	0.000	-100000.0
20120408 22:55	51.3	51.3	51.3	40	27.8	1	3	270	0.00	29.659	0	0.000	-100000.0
20120408 23:00	51.2	51.2	51.2	40	27.7	1	2	270	0.00	29.661	0	0.002	-100000.0
20120408 23:05	50.8	50.8	50.8	41	28.0	0	2	270	0.00	29.661	0	0.000	-100000.0
20120408 23:10	50.7	50.7	50.7	41	27.9	1	4	270	0.00	29.661	0	0.000	-100000.0
20120408 23:15	50.5	50.5	50.5	41	27.7	1	5	270	0.00	29.662	0	0.000	-100000.0
20120408 23:20	50.5	50.5	50.5	42	28.3	0	3	225	0.00	29.662	0	0.000	-100000.0
20120408 23:25	50.4	50.4	50.4	42	28.2	1	5	225	0.00	29.662	0	0.000	-100000.0
20120408 23:30	50.3	50.3	50.3	42	28.1	0	2	225	0.00	29.656	0	0.000	-100000.0
20120408 23:35	50.1	50.1	50.1	42	27.9	0	1	225	0.00	29.656	0	0.000	-100000.0
20120408 23:40	50.1	50.1	50.1	42	27.9	0	2	225	0.00	29.656	0	0.000	-100000.0
20120408 23:45	50.0	50.0	50.0	42	27.8	0	3	225	0.00	29.657	0	0.000	-100000.0
20120408 23:50	50.0	50.0	50.0	43	28.4	1	3	225	0.00	29.657	0	0.000	-100000.0
20120408 23:55	49.8	49.8	49.8	43	28.2	0	3	225	0.00	29.657	0	0.000	-100000.0
