--Timestamp---	Temp	Chill	HIndex	Humid	Dewpt	 Wind 	HiWind	WindDir	Rain 	Barom	Solar	 ET  	 UV 
20120411 00:00	47.6	47.6	47.6	50	29.9	1	3	315	0.00	29.810	0	0.002	-100000.0
20120411 00:05	47.5	47.5	47.5	51	30.3	0	3	315	0.00	29.810	0	0.000	-100000.0
20120411 00:10	47.3	47.3	47.3	51	30.1	1	4	315	0.00	29.810	0	0.000	-100000.0
20120411 00:15	47.2	47.2	47.2	51	30.0	0	3	315	0.00	29.812	0	0.000	-100000.0
20120411 00:20	47.0	47.0	47.0	52	30.3	0	2	315	0.00	29.812	0	0.000	-100000.0
20120411 00:25	46.8	46.8	46.8	52	30.1	0	2	315	0.00	29.812	0	0.000	-100000.0
20120411 00:30	46.6	46.6	46.6	52	29.9	0	1	315	0.00	29.815	0	0.000	-100000.0
20120411 00:35	46.5	46.5	46.5	53	30.3	0	0	-100000	0.00	29.815	0	0.000	-100000.0
20120411 00:40	46.3	46.3	46.3	52	29.6	0	1	315	0.00	29.815	0	0.000	-100000.0
20120411 00:45	46.1	46.1	46.1	53	29.9	0	2	315	0.00	29.819	0	0.000	-100000.0
20120411 00:50	45.8	45.8	45.8	54	30.1	0	3	315	0.00	29.819	0	0.000	-100000.0
20120411 00:55	45.5	45.5	45.5	55	30.3	0	3	315	0.00	29.819	0	0.000	-100000.0
20120411 01:00	45.4	45.4	45.4	55	30.2	0	2	315	0.00	29.818	0	0.001	-100000.0
20120411 01:05	45.4	45.4	45.4	55	30.2	0	2	315	0.00	29.818	0	0.000	-100000.0
20120411 01:10	45.1	45.1	45.1	55	29.9	0	2	315	0.00	29.818	0	0.000	-100000.0
20120411 01:15	45.0	45.0	45.0	56	30.3	0	2	315	0.00	29.815	0	0.000	-100000.0
20120411 01:20	45.0	45.0	45.0	56	30.3	0	1	315	0.00	29.815	0	0.000	-100000.0
20120411 01:25	44.8	44.8	44.8	56	30.1	1	3	315	0.00	29.815	0	0.000	-100000.0
20120411 01:30	44.5	44.5	44.5	56	29.8	0	0	-100000	0.00	29.815	0	0.000	-100000.0
20120411 01:35	44.6	44.6	44.6	57	30.3	2	5	315	0.00	29.815	0	0.000	-100000.0
20120411 01:40	44.7	44.7	44.7	56	30.0	1	4	315	0.00	29.815	0	0.000	-100000.0
20120411 01:45	44.6	44.6	44.6	56	29.9	1	5	315	0.00	29.814	0	0.000	-100000.0
20120411 01:50	44.6	44.6	44.6	56	29.9	1	6	315	0.00	29.814	0	0.000	-100000.0
20120411 01:55	44.2	44.2	44.2	57	29.9	0	0	-100000	0.00	29.814	0	0.000	-100000.0
20120411 02:00	43.8	43.8	43.8	58	30.0	0	1	315	0.00	29.812	0	0.001	-100000.0
20120411 02:05	43.5	43.5	43.5	58	29.7	0	1	315	0.00	29.812	0	0.000	-100000.0
20120411 02:10	43.3	43.3	43.3	58	29.5	0	1	315	0.00	29.812	0	0.000	-100000.0
20120411 02:15	43.3	43.3	43.3	58	29.5	0	2	315	0.00	29.810	0	0.000	-100000.0
20120411 02:20	43.3	43.3	43.3	59	29.9	0	1	315	0.00	29.810	0	0.000	-100000.0
20120411 02:25	43.2	43.2	43.2	59	29.9	0	0	-100000	0.00	29.810	0	0.000	-100000.0
20120411 02:30	43.0	43.0	43.0	59	29.7	0	2	315	0.00	29.809	0	0.000	-100000.0
20120411 02:35	42.9	42.9	42.9	60	30.0	0	1	315	0.00	29.809	0	0.000	-100000.0
20120411 02:40	42.8	42.8	42.8	60	29.9	0	1	315	0.00	29.809	0	0.000	-100000.0
20120411 02:45	42.6	42.6	42.6	60	29.7	0	1	315	0.00	29.809	0	0.000	-100000.0
20120411 02:50	42.4	42.4	42.4	61	29.9	0	1	315	0.00	29.809	0	0.000	-100000.0
20120411 02:55	42.3	42.3	42.3	61	29.8	0	0	-100000	0.00	29.809	0	0.000	-100000.0
20120411 03:00	42.0	42.0	42.0	61	29.5	0	1	315	0.00	29.809	0	0.001	-100000.0
20120411 03:05	41.7	41.7	41.7	62	29.7	0	1	315	0.00	29.809	0	0.000	-100000.0
20120411 03:10	41.3	41.3	41.3	63	29.7	0	0	-100000	0.00	29.809	0	0.000	-100000.0
20120411 03:15	41.0	41.0	41.0	64	29.8	0	2	315	0.00	29.805	0	0.000	-100000.0
20120411 03:20	40.8	40.8	40.8	64	29.6	0	1	315	0.00	29.805	0	0.000	-100000.0
20120411 03:25	40.9	40.9	40.9	64	29.7	0	1	315	0.00	29.805	0	0.000	-100000.0
20120411 03:30	40.9	40.9	40.9	64	29.7	0	1	315	0.00	29.804	0	0.000	-100000.0
20120411 03:35	40.8	40.8	40.8	65	30.0	0	1	315	0.00	29.804	0	0.000	-100000.0
20120411 03:40	40.6	40.6	40.6	65	29.8	0	1	315	0.00	29.804	0	0.000	-100000.0
20120411 03:45	40.4	40.4	40.4	65	29.6	0	0	-100000	0.00	29.802	0	0.000	-100000.0
20120411 03:50	40.1	40.1	40.1	66	29.7	0	1	315	0.00	29.802	0	0.000	-100000.0
20120411 03:55	39.8	39.8	39.8	67	29.8	0	1	315	0.00	29.802	0	0.000	-100000.0
20120411 04:00	39.7	39.7	39.7	67	29.7	0	0	-100000	0.00	29.807	0	0.001	-100000.0
20120411 04:05	39.4	39.4	39.4	67	29.4	0	0	-100000	0.00	29.807	0	0.000	-100000.0
20120411 04:10	39.1	39.1	39.1	68	29.4	0	0	-100000	0.00	29.807	0	0.000	-100000.0
20120411 04:15	38.6	38.6	38.6	69	29.3	0	0	-100000	0.00	29.810	0	0.000	-100000.0
20120411 04:20	38.2	38.2	38.2	69	28.9	0	0	-100000	0.00	29.810	0	0.000	-100000.0
20120411 04:25	37.9	37.9	37.9	71	29.4	0	0	-100000	0.00	29.810	0	0.000	-100000.0
20120411 04:30	38.0	38.0	38.0	71	29.4	0	0	-100000	0.00	29.808	0	0.000	-100000.0
20120411 04:35	38.0	38.0	38.0	71	29.4	0	1	315	0.00	29.808	0	0.000	-100000.0
20120411 04:40	38.0	38.0	38.0	71	29.4	0	0	-100000	0.00	29.808	0	0.000	-100000.0
20120411 04:45	38.0	38.0	38.0	71	29.4	0	0	-100000	0.00	29.805	0	0.000	-100000.0
20120411 04:50	37.8	37.8	37.8	72	29.6	0	0	-100000	0.00	29.805	0	0.000	-100000.0
20120411 04:55	37.3	37.3	37.3	72	29.1	0	0	-100000	0.00	29.805	0	0.000	-100000.0
20120411 05:00	36.8	36.8	36.8	73	29.0	0	0	-100000	0.00	29.809	0	0.001	-100000.0
20120411 05:05	36.5	36.5	36.5	75	29.3	0	1	315	0.00	29.809	0	0.000	-100000.0
20120411 05:10	36.4	36.4	36.4	75	29.2	0	0	-100000	0.00	29.809	0	0.000	-100000.0
20120411 05:15	36.3	36.3	36.3	75	29.1	0	1	315	0.00	29.812	0	0.000	-100000.0
20120411 05:20	36.0	36.0	36.0	75	28.9	0	0	-100000	0.00	29.812	0	0.000	-100000.0
20120411 05:25	35.7	35.7	35.7	76	28.9	0	0	-100000	0.00	29.812	0	0.000	-100000.0
20120411 05:30	35.6	35.6	35.6	77	29.1	0	0	-100000	0.00	29.817	0	0.000	-100000.0
20120411 05:35	35.5	35.5	35.5	77	29.0	0	0	-100000	0.00	29.817	0	0.000	-100000.0
20120411 05:40	35.5	35.5	35.5	78	29.3	0	0	-100000	0.00	29.817	0	0.000	-100000.0
20120411 05:45	35.6	35.6	35.6	78	29.4	0	1	315	0.00	29.823	0	0.000	-100000.0
20120411 05:50	35.6	35.6	35.6	78	29.4	0	0	-100000	0.00	29.823	0	0.000	-100000.0
20120411 05:55	35.6	35.6	35.6	78	29.4	0	0	-100000	0.00	29.823	0	0.000	-100000.0
20120411 06:00	35.5	35.5	35.5	78	29.3	0	0	-100000	0.00	29.830	0	0.000	-100000.0
20120411 06:05	35.5	35.5	35.5	78	29.3	0	0	-100000	0.00	29.830	0	0.000	-100000.0
20120411 06:10	35.4	35.4	35.4	79	29.5	0	0	-100000	0.00	29.830	0	0.000	-100000.0
20120411 06:15	35.3	35.3	35.3	79	29.4	0	0	-100000	0.00	29.834	0	0.000	-100000.0
20120411 06:20	35.4	35.4	35.4	80	29.9	0	0	-100000	0.00	29.834	0	0.000	-100000.0
20120411 06:25	35.4	35.4	35.4	80	29.9	0	0	-100000	0.00	29.834	5	0.000	-100000.0
20120411 06:30	35.3	35.3	35.3	80	29.8	0	0	-100000	0.00	29.841	8	0.000	-100000.0
20120411 06:35	35.3	35.3	35.3	80	29.8	0	0	-100000	0.00	29.841	12	0.000	-100000.0
20120411 06:40	35.4	35.4	35.4	80	29.9	0	0	-100000	0.00	29.841	16	0.000	-100000.0
20120411 06:45	35.6	35.6	35.6	80	30.1	0	0	-100000	0.00	29.843	19	0.000	-100000.0
20120411 06:50	35.8	35.8	35.8	80	30.2	0	0	-100000	0.00	29.843	21	0.000	-100000.0
20120411 06:55	36.1	36.1	36.1	80	30.5	0	1	315	0.00	29.843	25	0.000	-100000.0
20120411 07:00	36.4	36.4	36.4	80	30.8	0	0	-100000	0.00	29.846	31	0.000	-100000.0
20120411 07:05	36.9	36.9	36.9	80	31.3	0	0	-100000	0.00	29.846	39	0.000	-100000.0
20120411 07:10	37.3	37.3	37.3	80	31.7	0	0	-100000	0.00	29.846	42	0.000	-100000.0
20120411 07:15	37.4	37.4	37.4	79	31.5	0	0	-100000	0.00	29.847	51	0.000	-100000.0
20120411 07:20	37.5	37.5	37.5	79	31.6	0	0	-100000	0.00	29.847	64	0.000	-100000.0
20120411 07:25	37.7	37.7	37.7	79	31.8	0	0	-100000	0.00	29.847	74	0.000	-100000.0
20120411 07:30	38.0	38.0	38.0	78	31.8	0	0	-100000	0.00	29.857	81	0.000	-100000.0
20120411 07:35	38.3	38.3	38.3	78	32.1	0	1	315	0.00	29.857	120	0.000	-100000.0
20120411 07:40	38.6	38.6	38.6	78	32.3	0	0	-100000	0.00	29.857	153	0.000	-100000.0
20120411 07:45	38.9	38.9	38.9	78	32.6	0	2	315	0.00	29.858	149	0.000	-100000.0
20120411 07:50	39.1	39.1	39.1	78	32.8	0	2	315	0.00	29.858	164	0.000	-100000.0
20120411 07:55	39.5	39.5	39.5	78	33.2	0	2	315	0.00	29.858	138	0.000	-100000.0
20120411 08:00	39.7	39.7	39.7	77	33.1	0	0	-100000	0.00	29.857	115	0.002	-100000.0
20120411 08:05	39.8	39.8	39.8	77	33.2	0	2	315	0.00	29.857	121	0.000	-100000.0
20120411 08:10	40.2	40.2	40.2	76	33.3	0	2	315	0.00	29.857	242	0.000	-100000.0
20120411 08:15	41.1	41.1	41.1	74	33.5	0	1	315	0.00	29.858	326	0.000	-100000.0
20120411 08:20	41.7	41.7	41.7	73	33.7	0	2	315	0.00	29.858	332	0.000	-100000.0
20120411 08:25	42.1	42.1	42.1	72	33.7	1	4	315	0.00	29.858	320	0.000	-100000.0
20120411 08:30	42.4	42.4	42.4	70	33.3	2	5	315	0.00	29.858	374	0.000	-100000.0
20120411 08:35	43.0	43.0	43.0	70	33.9	1	5	292	0.00	29.858	397	0.000	-100000.0
20120411 08:40	43.6	43.6	43.6	68	33.7	2	7	292	0.00	29.858	376	0.000	-100000.0
20120411 08:45	43.3	43.3	43.3	68	33.5	2	6	270	0.00	29.859	258	0.000	-100000.0
20120411 08:50	43.6	43.6	43.6	68	33.7	2	5	248	0.00	29.859	323	0.000	-100000.0
20120411 08:55	44.4	44.4	44.4	66	33.8	2	7	45	0.00	29.859	287	0.000	-100000.0
20120411 09:00	44.3	44.3	44.3	66	33.7	2	5	45	0.00	29.861	455	0.005	-100000.0
20120411 09:05	44.6	44.6	44.6	65	33.6	2	6	0	0.00	29.861	548	0.000	-100000.0
20120411 09:10	44.6	44.6	44.6	65	33.6	3	7	0	0.00	29.861	455	0.000	-100000.0
20120411 09:15	44.7	42.7	44.7	64	33.3	4	10	292	0.00	29.870	518	0.000	-100000.0
20120411 09:20	44.8	44.8	44.8	64	33.4	3	11	338	0.00	29.870	386	0.000	-100000.0
20120411 09:25	45.0	45.0	45.0	64	33.6	3	9	22	0.00	29.870	541	0.000	-100000.0
20120411 09:30	45.4	45.4	45.4	63	33.6	1	3	292	0.00	29.873	648	0.000	-100000.0
20120411 09:35	45.8	43.3	45.8	62	33.5	5	10	338	0.00	29.873	650	0.000	-100000.0
20120411 09:40	45.9	45.9	45.9	61	33.2	3	10	0	0.00	29.873	664	0.000	-100000.0
20120411 09:45	46.3	46.3	46.3	62	34.0	3	12	0	0.00	29.873	706	0.000	-100000.0
20120411 09:50	46.4	46.4	46.4	60	33.3	2	7	338	0.00	29.873	676	0.000	-100000.0
20120411 09:55	46.4	46.4	46.4	61	33.7	2	7	0	0.00	29.873	626	0.000	-100000.0
20120411 10:00	46.3	43.9	46.3	61	33.6	5	9	292	0.00	29.877	547	0.010	-100000.0
20120411 10:05	46.2	46.2	46.2	60	33.1	3	6	315	0.00	29.877	444	0.000	-100000.0
20120411 10:10	46.6	46.6	46.6	60	33.5	2	7	45	0.00	29.877	390	0.000	-100000.0
20120411 10:15	47.2	47.2	47.2	59	33.6	1	6	45	0.00	29.887	428	0.000	-100000.0
20120411 10:20	47.2	47.2	47.2	59	33.6	1	5	0	0.00	29.887	405	0.000	-100000.0
20120411 10:25	47.6	47.6	47.6	59	34.0	1	5	0	0.00	29.887	553	0.000	-100000.0
20120411 10:30	47.6	47.6	47.6	58	33.6	2	6	315	0.00	29.887	541	0.000	-100000.0
20120411 10:35	47.3	47.3	47.3	59	33.7	3	7	338	0.00	29.887	337	0.000	-100000.0
20120411 10:40	47.8	47.8	47.8	58	33.7	1	4	338	0.00	29.887	527	0.000	-100000.0
20120411 10:45	48.1	48.1	48.1	57	33.6	3	9	292	0.00	29.887	732	0.000	-100000.0
20120411 10:50	48.8	48.8	48.8	57	34.3	3	8	292	0.00	29.887	703	0.000	-100000.0
20120411 10:55	49.0	49.0	49.0	55	33.5	3	7	292	0.00	29.887	679	0.000	-100000.0
20120411 11:00	49.2	49.2	49.2	55	33.7	3	7	292	0.00	29.885	697	0.010	-100000.0
20120411 11:05	49.2	47.9	49.2	54	33.3	4	9	292	0.00	29.885	699	0.000	-100000.0
20120411 11:10	49.5	49.5	49.5	54	33.6	1	5	270	0.00	29.885	718	0.000	-100000.0
20120411 11:15	49.9	48.1	49.9	54	33.9	5	9	292	0.00	29.875	730	0.000	-100000.0
20120411 11:20	50.9	50.9	50.9	52	33.9	2	10	292	0.00	29.875	744	0.000	-100000.0
20120411 11:25	50.1	50.1	50.1	52	33.2	3	9	270	0.00	29.875	758	0.000	-100000.0
20120411 11:30	50.6	50.6	50.6	52	33.6	2	6	135	0.00	29.869	782	0.000	-100000.0
20120411 11:35	51.8	51.8	51.8	52	34.7	4	15	225	0.00	29.869	708	0.000	-100000.0
20120411 11:40	52.3	52.3	52.3	49	33.7	3	10	0	0.00	29.869	830	0.000	-100000.0
20120411 11:45	51.1	51.1	51.1	50	33.1	4	10	270	0.00	29.864	867	0.000	-100000.0
20120411 11:50	51.2	51.2	51.2	50	33.2	4	7	338	0.00	29.864	912	0.000	-100000.0
20120411 11:55	51.1	51.1	51.1	51	33.6	3	10	270	0.00	29.864	764	0.000	-100000.0
20120411 12:00	51.2	51.2	51.2	50	33.2	2	6	270	0.00	29.856	815	0.015	-100000.0
20120411 12:05	51.5	51.5	51.5	49	33.0	5	11	270	0.00	29.856	860	0.000	-100000.0
20120411 12:10	51.1	51.1	51.1	49	32.6	4	11	292	0.00	29.856	842	0.000	-100000.0
20120411 12:15	51.9	51.9	51.9	49	33.3	2	6	225	0.00	29.851	860	0.000	-100000.0
20120411 12:20	53.1	53.1	53.1	47	33.4	2	6	180	0.00	29.851	887	0.000	-100000.0
20120411 12:25	53.9	53.9	53.9	47	34.1	1	5	180	0.00	29.851	904	0.000	-100000.0
20120411 12:30	54.1	54.1	54.1	45	33.2	4	10	135	0.00	29.841	940	0.000	-100000.0
20120411 12:35	53.6	53.6	53.6	46	33.3	4	7	158	0.00	29.841	759	0.000	-100000.0
20120411 12:40	53.5	53.5	53.5	46	33.2	5	12	135	0.00	29.841	607	0.000	-100000.0
20120411 12:45	53.7	53.7	53.7	46	33.4	3	7	112	0.00	29.837	745	0.000	-100000.0
20120411 12:50	53.8	53.8	53.8	43	31.8	3	11	22	0.00	29.837	625	0.000	-100000.0
20120411 12:55	53.2	53.2	53.2	43	31.3	4	8	22	0.00	29.837	287	0.000	-100000.0
20120411 13:00	52.7	52.7	52.7	44	31.4	3	6	315	0.00	29.833	247	0.015	-100000.0
20120411 13:05	52.5	52.5	52.5	43	30.7	1	4	22	0.00	29.833	233	0.000	-100000.0
20120411 13:10	52.9	52.9	52.9	43	31.0	0	3	22	0.00	29.833	225	0.000	-100000.0
20120411 13:15	52.9	52.9	52.9	43	31.0	1	3	0	0.00	29.829	237	0.000	-100000.0
20120411 13:20	52.6	52.6	52.6	43	30.7	1	2	0	0.00	29.829	266	0.000	-100000.0
20120411 13:25	52.8	52.8	52.8	43	30.9	1	5	248	0.00	29.829	256	0.000	-100000.0
20120411 13:30	53.2	53.2	53.2	43	31.3	0	2	248	0.00	29.826	272	0.000	-100000.0
20120411 13:35	53.5	53.5	53.5	43	31.6	0	3	248	0.00	29.826	333	0.000	-100000.0
20120411 13:40	53.9	53.9	53.9	43	31.9	3	6	135	0.00	29.826	441	0.000	-100000.0
20120411 13:45	54.2	54.2	54.2	41	31.0	2	6	112	0.00	29.826	724	0.000	-100000.0
20120411 13:50	55.0	55.0	55.0	40	31.1	2	7	135	0.00	29.826	314	0.000	-100000.0
20120411 13:55	54.8	54.8	54.8	41	31.6	0	2	135	0.00	29.826	300	0.000	-100000.0
20120411 14:00	54.7	54.7	54.7	40	30.9	1	5	135	0.00	29.824	279	0.007	-100000.0
20120411 14:05	54.1	54.1	54.1	40	30.3	0	1	22	0.00	29.824	235	0.000	-100000.0
20120411 14:10	54.1	54.1	54.1	41	30.9	1	5	292	0.00	29.824	208	0.000	-100000.0
20120411 14:15	53.6	53.6	53.6	43	31.7	5	12	22	0.00	29.824	204	0.000	-100000.0
20120411 14:20	53.1	53.1	53.1	42	30.6	6	13	338	0.00	29.824	230	0.000	-100000.0
20120411 14:25	52.9	52.9	52.9	43	31.0	5	9	292	0.00	29.824	280	0.000	-100000.0
20120411 14:30	53.4	53.4	53.4	43	31.5	5	9	270	0.00	29.820	482	0.000	-100000.0
20120411 14:35	53.7	53.7	53.7	42	31.2	6	11	292	0.00	29.820	429	0.000	-100000.0
20120411 14:40	53.4	53.4	53.4	42	30.9	6	13	292	0.00	29.820	375	0.000	-100000.0
20120411 14:45	53.9	53.9	53.9	42	31.3	4	12	0	0.00	29.816	375	0.000	-100000.0
20120411 14:50	53.9	53.9	53.9	41	30.7	6	11	0	0.00	29.816	398	0.000	-100000.0
20120411 14:55	54.5	54.5	54.5	41	31.3	5	13	0	0.00	29.816	753	0.000	-100000.0
20120411 15:00	54.7	54.7	54.7	41	31.5	5	10	0	0.00	29.810	864	0.010	-100000.0
20120411 15:05	55.1	55.1	55.1	40	31.2	9	15	270	0.00	29.810	721	0.000	-100000.0
20120411 15:10	55.1	55.1	55.1	39	30.6	9	14	292	0.00	29.810	802	0.000	-100000.0
20120411 15:15	54.9	54.9	54.9	40	31.0	7	14	292	0.00	29.811	801	0.000	-100000.0
20120411 15:20	55.1	55.1	55.1	40	31.2	5	14	315	0.00	29.811	644	0.000	-100000.0
20120411 15:25	55.5	55.5	55.5	41	32.2	7	12	270	0.00	29.811	387	0.000	-100000.0
20120411 15:30	54.5	54.5	54.5	43	32.5	10	19	270	0.00	29.812	411	0.000	-100000.0
20120411 15:35	54.3	54.3	54.3	43	32.3	9	18	270	0.00	29.812	363	0.000	-100000.0
20120411 15:40	54.8	54.8	54.8	44	33.3	4	12	270	0.00	29.812	355	0.000	-100000.0
20120411 15:45	54.7	54.7	54.7	42	32.1	8	16	315	0.00	29.813	377	0.000	-100000.0
20120411 15:50	54.4	54.4	54.4	42	31.8	9	16	292	0.00	29.813	354	0.000	-100000.0
20120411 15:55	54.6	54.6	54.6	42	32.0	8	14	292	0.00	29.813	315	0.000	-100000.0
20120411 16:00	54.8	54.8	54.8	41	31.6	7	14	338	0.00	29.815	281	0.013	-100000.0
20120411 16:05	54.4	54.4	54.4	42	31.8	7	14	315	0.00	29.815	300	0.000	-100000.0
20120411 16:10	54.5	54.5	54.5	41	31.3	7	14	292	0.00	29.815	331	0.000	-100000.0
20120411 16:15	54.5	54.5	54.5	42	31.9	7	12	0	0.00	29.823	267	0.000	-100000.0
20120411 16:20	54.4	54.4	54.4	43	32.4	9	19	338	0.00	29.823	260	0.000	-100000.0
20120411 16:25	54.3	54.3	54.3	44	32.9	8	14	315	0.00	29.823	280	0.000	-100000.0
20120411 16:30	54.3	54.3	54.3	45	33.4	7	13	315	0.00	29.827	323	0.000	-100000.0
20120411 16:35	54.2	54.2	54.2	43	32.2	7	14	338	0.00	29.827	282	0.000	-100000.0
20120411 16:40	54.3	54.3	54.3	44	32.9	4	10	338	0.00	29.827	305	0.000	-100000.0
20120411 16:45	54.2	54.2	54.2	43	32.2	6	13	0	0.00	29.828	263	0.000	-100000.0
20120411 16:50	54.4	54.4	54.4	44	32.9	3	8	338	0.00	29.828	277	0.000	-100000.0
20120411 16:55	54.1	54.1	54.1	44	32.7	7	12	315	0.00	29.828	275	0.000	-100000.0
20120411 17:00	54.1	54.1	54.1	44	32.7	5	12	292	0.00	29.828	259	0.008	-100000.0
20120411 17:05	54.1	54.1	54.1	44	32.7	5	9	22	0.00	29.828	232	0.000	-100000.0
20120411 17:10	54.0	54.0	54.0	45	33.1	4	10	338	0.00	29.828	210	0.000	-100000.0
20120411 17:15	54.0	54.0	54.0	44	32.6	6	12	292	0.00	29.829	180	0.000	-100000.0
20120411 17:20	54.2	54.2	54.2	46	33.9	3	13	270	0.00	29.829	170	0.000	-100000.0
20120411 17:25	54.2	54.2	54.2	45	33.3	4	9	292	0.00	29.829	177	0.000	-100000.0
20120411 17:30	54.1	54.1	54.1	46	33.8	4	10	0	0.00	29.836	176	0.000	-100000.0
20120411 17:35	54.0	54.0	54.0	45	33.1	3	10	315	0.00	29.836	173	0.000	-100000.0
20120411 17:40	53.9	53.9	53.9	45	33.1	7	13	315	0.00	29.836	167	0.000	-100000.0
20120411 17:45	53.9	53.9	53.9	45	33.1	7	11	0	0.00	29.841	156	0.000	-100000.0
20120411 17:50	54.1	54.1	54.1	46	33.8	3	12	22	0.00	29.841	147	0.000	-100000.0
20120411 17:55	54.1	54.1	54.1	46	33.8	5	10	0	0.00	29.841	135	0.000	-100000.0
20120411 18:00	54.1	54.1	54.1	44	32.7	5	13	338	0.00	29.843	120	0.005	-100000.0
20120411 18:05	54.0	54.0	54.0	44	32.6	6	10	338	0.00	29.843	99	0.000	-100000.0
20120411 18:10	54.1	54.1	54.1	45	33.2	5	11	338	0.00	29.843	66	0.000	-100000.0
20120411 18:15	53.9	53.9	53.9	45	33.1	7	14	0	0.00	29.846	76	0.000	-100000.0
20120411 18:20	53.7	53.7	53.7	45	32.9	6	12	0	0.00	29.846	86	0.000	-100000.0
20120411 18:25	53.6	53.6	53.6	46	33.3	5	10	0	0.00	29.846	85	0.000	-100000.0
20120411 18:30	53.6	53.6	53.6	46	33.3	5	10	0	0.00	29.849	79	0.000	-100000.0
20120411 18:35	53.5	53.5	53.5	46	33.2	4	12	315	0.00	29.849	68	0.000	-100000.0
20120411 18:40	53.4	53.4	53.4	46	33.1	3	10	0	0.00	29.849	61	0.000	-100000.0
20120411 18:45	53.4	53.4	53.4	46	33.1	2	6	0	0.00	29.857	49	0.000	-100000.0
20120411 18:50	53.3	53.3	53.3	46	33.1	3	9	22	0.00	29.857	35	0.000	-100000.0
20120411 18:55	53.1	53.1	53.1	46	32.9	2	7	22	0.00	29.857	28	0.000	-100000.0
20120411 19:00	52.9	52.9	52.9	48	33.7	2	7	45	0.00	29.860	20	0.003	-100000.0
20120411 19:05	52.8	52.8	52.8	48	33.7	2	8	68	0.00	29.860	17	0.000	-100000.0
20120411 19:10	52.4	52.4	52.4	51	34.8	4	12	45	0.00	29.860	15	0.000	-100000.0
20120411 19:15	51.8	51.8	51.8	52	34.7	4	13	68	0.00	29.871	11	0.000	-100000.0
20120411 19:20	51.3	51.3	51.3	53	34.8	3	10	68	0.00	29.871	8	0.000	-100000.0
20120411 19:25	51.1	51.1	51.1	54	35.0	2	10	45	0.00	29.871	3	0.000	-100000.0
20120411 19:30	50.6	50.6	50.6	55	35.0	3	13	45	0.00	29.874	0	0.000	-100000.0
20120411 19:35	50.4	50.4	50.4	56	35.3	4	14	68	0.00	29.874	0	0.000	-100000.0
20120411 19:40	50.1	50.1	50.1	56	35.0	3	12	45	0.00	29.874	0	0.000	-100000.0
20120411 19:45	50.0	50.0	50.0	56	34.9	4	9	68	0.00	29.874	0	0.000	-100000.0
20120411 19:50	49.9	49.9	49.9	56	34.8	3	11	68	0.00	29.874	0	0.000	-100000.0
20120411 19:55	49.9	49.9	49.9	56	34.8	2	11	68	0.00	29.874	0	0.000	-100000.0
20120411 20:00	49.9	49.9	49.9	56	34.8	2	6	45	0.00	29.874	0	0.001	-100000.0
20120411 20:05	49.9	49.9	49.9	55	34.4	1	5	68	0.00	29.874	0	0.000	-100000.0
20120411 20:10	50.0	50.0	50.0	55	34.5	1	5	45	0.00	29.874	0	0.000	-100000.0
20120411 20:15	50.1	50.1	50.1	55	34.6	1	4	45	0.00	29.877	0	0.000	-100000.0
20120411 20:20	50.0	50.0	50.0	55	34.5	1	4	45	0.00	29.877	0	0.000	-100000.0
20120411 20:25	49.8	49.8	49.8	56	34.7	1	3	45	0.00	29.877	0	0.000	-100000.0
20120411 20:30	49.7	49.7	49.7	57	35.1	2	7	292	0.00	29.888	0	0.000	-100000.0
20120411 20:35	49.6	49.6	49.6	57	35.0	1	3	270	0.00	29.888	0	0.000	-100000.0
20120411 20:40	49.6	49.6	49.6	58	35.4	1	3	270	0.00	29.888	0	0.000	-100000.0
20120411 20:45	49.5	49.5	49.5	58	35.3	1	3	270	0.00	29.889	0	0.000	-100000.0
20120411 20:50	49.5	49.5	49.5	58	35.3	1	5	270	0.00	29.889	0	0.000	-100000.0
20120411 20:55	49.5	49.5	49.5	58	35.3	1	4	270	0.00	29.889	0	0.000	-100000.0
20120411 21:00	49.6	49.6	49.6	58	35.4	1	5	270	0.00	29.900	0	0.001	-100000.0
20120411 21:05	49.4	49.4	49.4	58	35.2	1	3	270	0.00	29.900	0	0.000	-100000.0
20120411 21:10	49.3	49.3	49.3	58	35.2	0	1	270	0.00	29.900	0	0.000	-100000.0
20120411 21:15	49.2	49.2	49.2	59	35.5	0	3	270	0.00	29.904	0	0.000	-100000.0
20120411 21:20	49.2	49.2	49.2	59	35.5	0	1	270	0.00	29.904	0	0.000	-100000.0
20120411 21:25	49.1	49.1	49.1	59	35.4	0	1	270	0.00	29.904	0	0.000	-100000.0
20120411 21:30	49.0	49.0	49.0	59	35.3	0	1	270	0.00	29.905	0	0.000	-100000.0
20120411 21:35	48.9	48.9	48.9	59	35.2	0	2	270	0.00	29.905	0	0.000	-100000.0
20120411 21:40	48.9	48.9	48.9	59	35.2	0	2	270	0.00	29.905	0	0.000	-100000.0
20120411 21:45	48.9	48.9	48.9	59	35.2	0	3	270	0.00	29.909	0	0.000	-100000.0
20120411 21:50	49.0	49.0	49.0	60	35.7	0	2	270	0.00	29.909	0	0.000	-100000.0
20120411 21:55	48.8	48.8	48.8	60	35.5	0	2	270	0.00	29.909	0	0.000	-100000.0
20120411 22:00	48.7	48.7	48.7	60	35.4	1	3	270	0.00	29.915	0	0.001	-100000.0
20120411 22:05	48.6	48.6	48.6	61	35.8	0	3	270	0.00	29.915	0	0.000	-100000.0
20120411 22:10	48.5	48.5	48.5	61	35.7	0	2	270	0.00	29.915	0	0.000	-100000.0
20120411 22:15	48.4	48.4	48.4	61	35.6	0	3	270	0.00	29.918	0	0.000	-100000.0
20120411 22:20	48.4	48.4	48.4	62	36.0	0	1	270	0.00	29.918	0	0.000	-100000.0
20120411 22:25	48.2	48.2	48.2	62	35.8	0	0	-100000	0.00	29.918	0	0.000	-100000.0
20120411 22:30	48.0	48.0	48.0	62	35.6	0	1	270	0.00	29.920	0	0.000	-100000.0
20120411 22:35	47.9	47.9	47.9	62	35.5	0	1	270	0.00	29.920	0	0.000	-100000.0
20120411 22:40	47.9	47.9	47.9	62	35.5	0	5	270	0.00	29.920	0	0.000	-100000.0
20120411 22:45	47.9	47.9	47.9	63	35.9	1	5	270	0.00	29.924	0	0.000	-100000.0
20120411 22:50	48.0	48.0	48.0	63	36.0	1	5	270	0.00	29.924	0	0.000	-100000.0
20120411 22:55	47.9	47.9	47.9	63	35.9	2	5	22	0.00	29.924	0	0.000	-100000.0
20120411 23:00	47.9	47.9	47.9	64	36.3	1	6	22	0.00	29.924	0	0.001	-100000.0
20120411 23:05	47.8	47.8	47.8	64	36.2	2	6	22	0.00	29.924	0	0.000	-100000.0
20120411 23:10	47.7	47.7	47.7	64	36.1	2	6	45	0.00	29.924	0	0.000	-100000.0
20120411 23:15	47.6	47.6	47.6	65	36.4	1	6	45	0.00	29.930	0	0.000	-100000.0
20120411 23:20	47.6	47.6	47.6	65	36.4	2	7	45	0.00	29.930	0	0.000	-100000.0
20120411 23:25	47.5	47.5	47.5	65	36.3	2	8	22	0.00	29.930	0	0.000	-100000.0
20120411 23:30	47.5	47.5	47.5	66	36.7	0	2	22	0.00	29.932	0	0.000	-100000.0
20120411 23:35	47.4	47.4	47.4	66	36.6	1	5	22	0.00	29.932	0	0.000	-100000.0
20120411 23:40	47.3	47.3	47.3	67	36.9	1	5	68	0.00	29.932	0	0.000	-100000.0
20120411 23:45	47.2	47.2	47.2	68	37.2	3	12	68	0.00	29.932	0	0.000	-100000.0
20120411 23:50	46.9	44.6	46.9	70	37.6	5	11	90	0.00	29.932	0	0.000	-100000.0
20120411 23:55	46.5	46.5	46.5	72	38.0	3	10	68	0.00	29.932	0	0.000	-100000.0
